0 0 0 -18.451582536644
0.5 0 0 -16.805510802657
1 0 0 -17.298425667426
1.5 0 0 -18.11386950292
2 0 0 -18.017808510783
2.5 0 0 -17.763300105405
3 0 0 -17.763807036846
3.5 0 0 -18.311158664245
4 0 0 -18.911409057159
4.5 0 0 -18.094743413907
5 0 0 -18.188107771649
5.5 0 0 -17.885722645346
6 0 0 -17.405732153861
6.5 0 0 -17.752536131363
7 0 0 -17.883262220561
7.5 0 0 -18.501124267815
8 0 0 -20.265318420571
8.5 0 0 -20.209706665248
9 0 0 -19.764034889931
9.5 0 0 -21.278036237506
10 0 0 -22.049773660488
10.5 0 0 -20.898133919094
11 0 0 -21.164708403209
11.5 0 0 -20.392732022851
12 0 0 -21.256129905049
12.5 0 0 -20.973330213855
13 0 0 -20.688319496606
13.5 0 0 -20.389046743082
14 0 0 -20.514538966002
14.5 0 0 -20.361717326943
15 0 0 -20.341375579639
15.5 0 0 -20.630978244994
16 0 0 -20.915521668062
16.5 0 0 -20.668832220283
17 0 0 -21.047874688783
17.5 0 0 -20.377412062125
18 0 0 -20.608937821982
18.5 0 0 -20.844139771612
19 0 0 -20.538544761841
19.5 0 0 -20.988640466593
20 0 0 -21.377270821417
20.5 0 0 -21.762448594672
21 0 0 -22.488355012938
21.5 0 0 -22.558951181791
22 0 0 -22.071573156828
22.5 0 0 -23.403822595513
23 0 0 -23.28319620811
23.5 0 0 -22.997154717872
24 0 0 -24.607750854397
24.5 0 0 -24.933990474454
25 0 0 -24.361370496978
0 0.5 0 -18.921048797064
0.5 0.5 0 -17.770812469949
1 0.5 0 -17.835090522826
1.5 0.5 0 -17.813295593514
2 0.5 0 -17.510257937075
2.5 0.5 0 -17.252821050308
3 0.5 0 -17.540643275795
3.5 0.5 0 -18.230523392307
4 0.5 0 -18.65350334791
4.5 0.5 0 -17.801364156437
5 0.5 0 -18.192438252896
5.5 0.5 0 -19.133122202756
6 0.5 0 -17.665033984682
6.5 0.5 0 -17.962623908782
7 0.5 0 -18.200255536
7.5 0.5 0 -18.198908642547
8 0.5 0 -19.812674911663
8.5 0.5 0 -20.454829573944
9 0.5 0 -19.911545766774
9.5 0.5 0 -21.063534705083
10 0.5 0 -21.962231346245
10.5 0.5 0 -20.767448466444
11 0.5 0 -19.907855740247
11.5 0.5 0 -20.43446005129
12 0.5 0 -21.681243478005
12.5 0.5 0 -20.863954526598
13 0.5 0 -20.489670364486
13.5 0.5 0 -20.301670928219
14 0.5 0 -20.697754478066
14.5 0.5 0 -20.625061661451
15 0.5 0 -20.242911031538
15.5 0.5 0 -19.977658937701
16 0.5 0 -20.414127867908
16.5 0.5 0 -20.576512210306
17 0.5 0 -20.419667191241
17.5 0.5 0 -20.675929618643
18 0.5 0 -21.518647489647
18.5 0.5 0 -20.505513896621
19 0.5 0 -20.327004725874
19.5 0.5 0 -20.171679653126
20 0.5 0 -20.724255677076
20.5 0.5 0 -20.744399514498
21 0.5 0 -21.856340481709
21.5 0.5 0 -21.026207781784
22 0.5 0 -21.746426905319
22.5 0.5 0 -22.51755642424
23 0.5 0 -22.47320097148
23.5 0.5 0 -23.017548971195
24 0.5 0 -24.110543920973
24.5 0.5 0 -24.624375453056
25 0.5 0 -23.936331017943
0 1 0 -19.441880938427
0.5 1 0 -18.28995635483
1 1 0 -18.382200167067
1.5 1 0 -18.132347840016
2 1 0 -17.23585856509
2.5 1 0 -17.100131946064
3 1 0 -17.533807179621
3.5 1 0 -18.266810330979
4 1 0 -18.073157899207
4.5 1 0 -17.701687797386
5 1 0 -18.322629088826
5.5 1 0 -19.435006382499
6 1 0 -18.222340150663
6.5 1 0 -17.999701982668
7 1 0 -17.963000883116
7.5 1 0 -18.892129003818
8 1 0 -19.137781407373
8.5 1 0 -20.635133838318
9 1 0 -19.669910133966
9.5 1 0 -21.257472543606
10 1 0 -22.736567531183
10.5 1 0 -21.076316278687
11 1 0 -20.348760178189
11.5 1 0 -20.32295302791
12 1 0 -21.107031950545
12.5 1 0 -20.563014194245
13 1 0 -20.691899308331
13.5 1 0 -20.148455697267
14 1 0 -21.753977243699
14.5 1 0 -20.92068671285
15 1 0 -20.406124354903
15.5 1 0 -20.247659092221
16 1 0 -20.644986758664
16.5 1 0 -20.371640022678
17 1 0 -20.004629319911
17.5 1 0 -21.395856041183
18 1 0 -20.946989249413
18.5 1 0 -20.266517578828
19 1 0 -18.764692526197
19.5 1 0 -18.966438745808
20 1 0 -20.379770192321
20.5 1 0 -20.369376782679
21 1 0 -20.737936304652
21.5 1 0 -21.032519867058
22 1 0 -20.953410810903
22.5 1 0 -21.489810805002
23 1 0 -21.733306691176
23.5 1 0 -22.489547575957
24 1 0 -22.414167413842
24.5 1 0 -24.094240177267
25 1 0 -23.380734586747
0 1.5 0 -20.20603913203
0.5 1.5 0 -18.987515676897
1 1.5 0 -18.289353919651
1.5 1.5 0 -18.199583265913
2 1.5 0 -17.920867323291
2.5 1.5 0 -17.473465263361
3 1.5 0 -17.663910641584
3.5 1.5 0 -18.095398363638
4 1.5 0 -18.529715377514
4.5 1.5 0 -18.222084686376
5 1.5 0 -18.371316524994
5.5 1.5 0 -19.510816750585
6 1.5 0 -18.563192149352
6.5 1.5 0 -19.343866952839
7 1.5 0 -19.3955017573
7.5 1.5 0 -19.528922029549
8 1.5 0 -19.52765885313
8.5 1.5 0 -19.970596885369
9 1.5 0 -20.074006582616
9.5 1.5 0 -21.198787764433
10 1.5 0 -22.186051144457
10.5 1.5 0 -21.057330256061
11 1.5 0 -20.333347065508
11.5 1.5 0 -21.207295737304
12 1.5 0 -21.944923339424
12.5 1.5 0 -20.902265941218
13 1.5 0 -20.544845248047
13.5 1.5 0 -21.084543605816
14 1.5 0 -22.303071363346
14.5 1.5 0 -21.881165627558
15 1.5 0 -21.802519544918
15.5 1.5 0 -20.774074611394
16 1.5 0 -20.624087508682
16.5 1.5 0 -20.668010782987
17 1.5 0 -20.373331334895
17.5 1.5 0 -21.069827062008
18 1.5 0 -21.075397351125
18.5 1.5 0 -19.33771302326
19 1.5 0 -19.14596675849
19.5 1.5 0 -20.766674194174
20 1.5 0 -20.622404890855
20.5 1.5 0 -20.35832862516
21 1.5 0 -20.460274420436
21.5 1.5 0 -20.520562550601
22 1.5 0 -20.797640803622
22.5 1.5 0 -20.493957877772
23 1.5 0 -20.739974170899
23.5 1.5 0 -22.161774745842
24 1.5 0 -22.94672560016
24.5 1.5 0 -23.839894778469
25 1.5 0 -23.807165106103
0 2 0 -20.613996068586
0.5 2 0 -19.201973538558
1 2 0 -18.515273289936
1.5 2 0 -18.55926484584
2 2 0 -18.017049749209
2.5 2 0 -17.691683555288
3 2 0 -18.035849311943
3.5 2 0 -18.240816779209
4 2 0 -18.537040055243
4.5 2 0 -18.91590228066
5 2 0 -19.059708936228
5.5 2 0 -18.66236106652
6 2 0 -18.416815175582
6.5 2 0 -18.772089790333
7 2 0 -20.223050921231
7.5 2 0 -19.662041330409
8 2 0 -20.410749765589
8.5 2 0 -19.852898335174
9 2 0 -20.625302300363
9.5 2 0 -21.117355667118
10 2 0 -22.167202507843
10.5 2 0 -21.00724276868
11 2 0 -20.384091854039
11.5 2 0 -21.888792881551
12 2 0 -22.055578760814
12.5 2 0 -20.628578788792
13 2 0 -20.102630642175
13.5 2 0 -20.977554008468
14 2 0 -22.684653057895
14.5 2 0 -22.02402883061
15 2 0 -22.391215278347
15.5 2 0 -23.34885539432
16 2 0 -22.051277067136
16.5 2 0 -21.241321663359
17 2 0 -21.837204669076
17.5 2 0 -21.652972047298
18 2 0 -21.355001881204
18.5 2 0 -19.588842069615
19 2 0 -19.54290955042
19.5 2 0 -21.083338609619
20 2 0 -21.388143901229
20.5 2 0 -20.871869573941
21 2 0 -21.185331682338
21.5 2 0 -20.653000100081
22 2 0 -20.652914370255
22.5 2 0 -20.740387576439
23 2 0 -20.887058355453
23.5 2 0 -21.514633765925
24 2 0 -21.960624935752
24.5 2 0 -22.358201741676
25 2 0 -23.347046643761
0 2.5 0 -20.737420565838
0.5 2.5 0 -19.571267576773
1 2.5 0 -18.923595276581
1.5 2.5 0 -18.59530711971
2 2.5 0 -18.072452481883
2.5 2.5 0 -18.229896350672
3 2.5 0 -18.673776329922
3.5 2.5 0 -18.754101266839
4 2.5 0 -18.773932308082
4.5 2.5 0 -19.156853037129
5 2.5 0 -19.240571023457
5.5 2.5 0 -18.927091353737
6 2.5 0 -18.96808920625
6.5 2.5 0 -18.767237836005
7 2.5 0 -19.501343461617
7.5 2.5 0 -19.564749063283
8 2.5 0 -20.043335334297
8.5 2.5 0 -20.020570023347
9 2.5 0 -20.720495345186
9.5 2.5 0 -21.654756570707
10 2.5 0 -22.618882066975
10.5 2.5 0 -21.002015901659
11 2.5 0 -20.503811716047
11.5 2.5 0 -22.320005110481
12 2.5 0 -21.404127570192
12.5 2.5 0 -20.102446906924
13 2.5 0 -20.772118495953
13.5 2.5 0 -22.683275218326
14 2.5 0 -22.898362462046
14.5 2.5 0 -21.870915858875
15 2.5 0 -22.657067817401
15.5 2.5 0 -23.05049067625
16 2.5 0 -22.352882159689
16.5 2.5 0 -22.23583611334
17 2.5 0 -21.547014872692
17.5 2.5 0 -21.931923344968
18 2.5 0 -21.898864330565
18.5 2.5 0 -22.472495224045
19 2.5 0 -21.599366448562
19.5 2.5 0 -22.017921334454
20 2.5 0 -22.4444744749
20.5 2.5 0 -22.11850952959
21 2.5 0 -21.842342540567
21.5 2.5 0 -21.912294177498
22 2.5 0 -20.769158618657
22.5 2.5 0 -20.349550481171
23 2.5 0 -20.750373112441
23.5 2.5 0 -20.628662548382
24 2.5 0 -21.390790687018
24.5 2.5 0 -21.03111835518
25 2.5 0 -22.14751411367
0 3 0 -20.518835684622
0.5 3 0 -19.635918632191
1 3 0 -19.10589902811
1.5 3 0 -18.791612742694
2 3 0 -18.662634463389
2.5 3 0 -18.861057219525
3 3 0 -18.841794142452
3.5 3 0 -18.737856077455
4 3 0 -19.229273038071
4.5 3 0 -19.510778785638
5 3 0 -19.394430566172
5.5 3 0 -19.011643068024
6 3 0 -18.986960634552
6.5 3 0 -18.940657812656
7 3 0 -19.485372614649
7.5 3 0 -20.146504885079
8 3 0 -20.256989096492
8.5 3 0 -20.226542312716
9 3 0 -21.114819396707
9.5 3 0 -22.425521724039
10 3 0 -23.406733647349
10.5 3 0 -22.034104388978
11 3 0 -21.230778088528
11.5 3 0 -22.25240875389
12 3 0 -20.998353714689
12.5 3 0 -20.896562568395
13 3 0 -21.517724372447
13.5 3 0 -21.90896913742
14 3 0 -22.751612198319
14.5 3 0 -22.883675117185
15 3 0 -22.757481966177
15.5 3 0 -22.726231403406
16 3 0 -22.455468256111
16.5 3 0 -22.868411396591
17 3 0 -22.061322198442
17.5 3 0 -21.479995678833
18 3 0 -22.357296842831
18.5 3 0 -22.845393712291
19 3 0 -22.919202762094
19.5 3 0 -23.241554530748
20 3 0 -23.307854776475
20.5 3 0 -22.986764158253
21 3 0 -22.755136461952
21.5 3 0 -22.470761495109
22 3 0 -21.984303176887
22.5 3 0 -20.61894176722
23 3 0 -20.297450949787
23.5 3 0 -20.386429172292
24 3 0 -21.027389562102
24.5 3 0 -20.808109333926
25 3 0 -20.920858736732
0 3.5 0 -20.195421805565
0.5 3.5 0 -19.289162152008
1 3.5 0 -19.213513938008
1.5 3.5 0 -18.904595106337
2 3.5 0 -18.691159249968
2.5 3.5 0 -18.57699021115
3 3.5 0 -18.645178033983
3.5 3.5 0 -18.508817801362
4 3.5 0 -19.099606153559
4.5 3.5 0 -19.110571603704
5 3.5 0 -19.587254405197
5.5 3.5 0 -19.427907036496
6 3.5 0 -18.8921585414
6.5 3.5 0 -18.887960564012
7 3.5 0 -19.474045318667
7.5 3.5 0 -19.459478357559
8 3.5 0 -19.667904599166
8.5 3.5 0 -20.286133881428
9 3.5 0 -21.506544996228
9.5 3.5 0 -22.62053603868
10 3.5 0 -23.589797144123
10.5 3.5 0 -22.767909570723
11 3.5 0 -21.923922794496
11.5 3.5 0 -23.921480985505
12 3.5 0 -21.936677404143
12.5 3.5 0 -21.333865332239
13 3.5 0 -21.180689314734
13.5 3.5 0 -22.643690364628
14 3.5 0 -23.343506809358
14.5 3.5 0 -23.433573279684
15 3.5 0 -23.925844945796
15.5 3.5 0 -23.303890120014
16 3.5 0 -22.720725891067
16.5 3.5 0 -22.823214002704
17 3.5 0 -22.719133772185
17.5 3.5 0 -22.946907560915
18 3.5 0 -23.225138620413
18.5 3.5 0 -23.450812894215
19 3.5 0 -23.996791372382
19.5 3.5 0 -23.827986591349
20 3.5 0 -24.110127290339
20.5 3.5 0 -23.377238523024
21 3.5 0 -23.447866815278
21.5 3.5 0 -22.865713733536
22 3.5 0 -22.343558278704
22.5 3.5 0 -21.777892664786
23 3.5 0 -21.163656766676
23.5 3.5 0 -20.892428170918
24 3.5 0 -20.278995581777
24.5 3.5 0 -20.103815112406
25 3.5 0 -20.068973140054
0 4 0 -20.474871270666
0.5 4 0 -20.07526708644
1 4 0 -19.738973684712
1.5 4 0 -19.526404427294
2 4 0 -19.158084301685
2.5 4 0 -18.681204516498
3 4 0 -18.887228866187
3.5 4 0 -18.843934639122
4 4 0 -19.541086557072
4.5 4 0 -19.838617691935
5 4 0 -19.775388570964
5.5 4 0 -19.536721989165
6 4 0 -19.504548234514
6.5 4 0 -20.243265190145
7 4 0 -20.094005384392
7.5 4 0 -19.755097066201
8 4 0 -19.884282818655
8.5 4 0 -20.785044698802
9 4 0 -21.586714150456
9.5 4 0 -22.211310345987
10 4 0 -23.319609806729
10.5 4 0 -23.442548180066
11 4 0 -22.182709904826
11.5 4 0 -22.302597241577
12 4 0 -23.206521280113
12.5 4 0 -21.891110560109
13 4 0 -22.058092077509
13.5 4 0 -23.362409873136
14 4 0 -22.826906210282
14.5 4 0 -24.142033083241
15 4 0 -24.306596188576
15.5 4 0 -23.537217374308
16 4 0 -23.191379927339
16.5 4 0 -23.31332755708
17 4 0 -23.627383779026
17.5 4 0 -24.192636205268
18 4 0 -24.228426217986
18.5 4 0 -24.135313903158
19 4 0 -24.770144624717
19.5 4 0 -23.895201434269
20 4 0 -24.182808546938
20.5 4 0 -24.288265093148
21 4 0 -23.77105964165
21.5 4 0 -23.893273019783
22 4 0 -23.504186988158
22.5 4 0 -22.97893766716
23 4 0 -22.74149316429
23.5 4 0 -21.756834396107
24 4 0 -21.331274816705
24.5 4 0 -20.689926335491
25 4 0 -19.597318332477
0 4.5 0 -20.898106556569
0.5 4.5 0 -20.734550192477
1 4.5 0 -20.637335773558
1.5 4.5 0 -20.366707679652
2 4.5 0 -19.872032252518
2.5 4.5 0 -19.51102417256
3 4.5 0 -19.269684759237
3.5 4.5 0 -19.561174396389
4 4.5 0 -19.71047602947
4.5 4.5 0 -19.609560870551
5 4.5 0 -19.59607126721
5.5 4.5 0 -19.27619153533
6 4.5 0 -19.133167344569
6.5 4.5 0 -20.201309330531
7 4.5 0 -20.524550865029
7.5 4.5 0 -20.574615692308
8 4.5 0 -20.375543949933
8.5 4.5 0 -20.955689345431
9 4.5 0 -22.084685015957
9.5 4.5 0 -22.367013291875
10 4.5 0 -22.464007079535
10.5 4.5 0 -23.306506503275
11 4.5 0 -22.512856103101
11.5 4.5 0 -22.083823337495
12 4.5 0 -22.810576204682
12.5 4.5 0 -24.30017306624
13 4.5 0 -23.483357441777
13.5 4.5 0 -25.010352059551
14 4.5 0 -23.225266713153
14.5 4.5 0 -25.188542813418
15 4.5 0 -24.830451966243
15.5 4.5 0 -24.194976591216
16 4.5 0 -24.069649359992
16.5 4.5 0 -23.970339582568
17 4.5 0 -24.138236870562
17.5 4.5 0 -25.646819594375
18 4.5 0 -24.765191871709
18.5 4.5 0 -24.624564749283
19 4.5 0 -24.695293415995
19.5 4.5 0 -24.32414362921
20 4.5 0 -24.276668422217
20.5 4.5 0 -24.058061172958
21 4.5 0 -23.636946037729
21.5 4.5 0 -24.20972350021
22 4.5 0 -23.733849995834
22.5 4.5 0 -23.287814376603
23 4.5 0 -23.197376196172
23.5 4.5 0 -22.570420480741
24 4.5 0 -21.62024699062
24.5 4.5 0 -20.638552722804
25 4.5 0 -19.326582581165
0 5 0 -21.341919842122
0.5 5 0 -21.308322517279
1 5 0 -21.22365253063
1.5 5 0 -21.472572851344
2 5 0 -21.299982143036
2.5 5 0 -20.745005869952
3 5 0 -20.093591942495
3.5 5 0 -20.593048670957
4 5 0 -19.961798208642
4.5 5 0 -20.069804085175
5 5 0 -20.031537311618
5.5 5 0 -19.832209843504
6 5 0 -20.194122637786
6.5 5 0 -20.519474850379
7 5 0 -20.70652091037
7.5 5 0 -20.618039495525
8 5 0 -20.783642341252
8.5 5 0 -21.312389791829
9 5 0 -22.485438625306
9.5 5 0 -22.191485483372
10 5 0 -23.256627857078
10.5 5 0 -23.528347357941
11 5 0 -22.453054181656
11.5 5 0 -22.131527960581
12 5 0 -23.062131157302
12.5 5 0 -25.128467480214
13 5 0 -25.840466340888
13.5 5 0 -24.431681823885
14 5 0 -23.864967364001
14.5 5 0 -25.916426254402
15 5 0 -25.938607921051
15.5 5 0 -25.581378628946
16 5 0 -25.407552883604
16.5 5 0 -24.349033416786
17 5 0 -24.487321729922
17.5 5 0 -25.078955694366
18 5 0 -25.113122793332
18.5 5 0 -24.879610514997
19 5 0 -24.84495009154
19.5 5 0 -24.949055943221
20 5 0 -24.90544637407
20.5 5 0 -24.854191460045
21 5 0 -24.158488498266
21.5 5 0 -23.626318180422
22 5 0 -23.850695246468
22.5 5 0 -23.513622091146
23 5 0 -23.165001708243
23.5 5 0 -22.305366139345
24 5 0 -21.640507634703
24.5 5 0 -20.61647886889
25 5 0 -19.3044934831
0 5.5 0 -22.228938961797
0.5 5.5 0 -21.765263091041
1 5.5 0 -21.977786715746
1.5 5.5 0 -22.647387044426
2 5.5 0 -22.620058718453
2.5 5.5 0 -22.333933107189
3 5.5 0 -21.224308927286
3.5 5.5 0 -21.082546830146
4 5.5 0 -20.758702540946
4.5 5.5 0 -20.219130585874
5 5.5 0 -20.854681083161
5.5 5.5 0 -20.664455467471
6 5.5 0 -21.140724725556
6.5 5.5 0 -21.426473556196
7 5.5 0 -21.269473938738
7.5 5.5 0 -21.297299308356
8 5.5 0 -21.67360848308
8.5 5.5 0 -22.326711699164
9 5.5 0 -23.007986659944
9.5 5.5 0 -23.247029057626
10 5.5 0 -23.502914993409
10.5 5.5 0 -23.517151553974
11 5.5 0 -23.476771699695
11.5 5.5 0 -23.968648772222
12 5.5 0 -23.478357401962
12.5 5.5 0 -24.440493062135
13 5.5 0 -25.987937497459
13.5 5.5 0 -26.567314504925
14 5.5 0 -25.587979711276
14.5 5.5 0 -25.633660363742
15 5.5 0 -26.744032528657
15.5 5.5 0 -26.868660502787
16 5.5 0 -25.618771334302
16.5 5.5 0 -24.289570957994
17 5.5 0 -24.441128706671
17.5 5.5 0 -25.138134048257
18 5.5 0 -24.941884507815
18.5 5.5 0 -25.416258888555
19 5.5 0 -25.484944672763
19.5 5.5 0 -25.155049856204
20 5.5 0 -25.027266649248
20.5 5.5 0 -25.17208869842
21 5.5 0 -24.480235708681
21.5 5.5 0 -23.657141407107
22 5.5 0 -23.808129100638
22.5 5.5 0 -23.373148762436
23 5.5 0 -23.19318521525
23.5 5.5 0 -22.398090039092
24 5.5 0 -21.39250711984
24.5 5.5 0 -20.411642319422
25 5.5 0 -19.184271041531
0 6 0 -23.098608106672
0.5 6 0 -22.977804971467
1 6 0 -23.524787140147
1.5 6 0 -23.610812335195
2 6 0 -23.562051449532
2.5 6 0 -23.302150622048
3 6 0 -22.39669484763
3.5 6 0 -21.688783180808
4 6 0 -21.077591805501
4.5 6 0 -21.033931334309
5 6 0 -21.357169348002
5.5 6 0 -21.330519890276
6 6 0 -21.306787141897
6.5 6 0 -21.183816597512
7 6 0 -21.686129515876
7.5 6 0 -22.721878363082
8 6 0 -22.710085865688
8.5 6 0 -23.206455146642
9 6 0 -23.684650206304
9.5 6 0 -23.929962172263
10 6 0 -23.329033087668
10.5 6 0 -23.207852874842
11 6 0 -23.736430549474
11.5 6 0 -24.476769519613
12 6 0 -23.444375289529
12.5 6 0 -23.506641128192
13 6 0 -24.635249814214
13.5 6 0 -27.482120808101
14 6 0 -27.175461921539
14.5 6 0 -26.685143213345
15 6 0 -27.842749852422
15.5 6 0 -27.899802781165
16 6 0 -26.827357455636
16.5 6 0 -25.598091072954
17 6 0 -25.406942645852
17.5 6 0 -25.006998446502
18 6 0 -24.822462795656
18.5 6 0 -25.61734638948
19 6 0 -25.537040438278
19.5 6 0 -25.052532224743
20 6 0 -25.261182677918
20.5 6 0 -24.994198313653
21 6 0 -24.535338017125
21.5 6 0 -23.596265057483
22 6 0 -23.724595842937
22.5 6 0 -23.446572768909
23 6 0 -23.12100122023
23.5 6 0 -22.492422121302
24 6 0 -21.145312097168
24.5 6 0 -19.757394619131
25 6 0 -19.300433943925
0 6.5 0 -24.775641716284
0.5 6.5 0 -24.698194720879
1 6.5 0 -24.687500550073
1.5 6.5 0 -24.631534001493
2 6.5 0 -24.610382781711
2.5 6.5 0 -23.924325281608
3 6.5 0 -23.450540440776
3.5 6.5 0 -22.589018474312
4 6.5 0 -21.878888673162
4.5 6.5 0 -21.354677112741
5 6.5 0 -21.69088528779
5.5 6.5 0 -21.695533685302
6 6.5 0 -21.580243069597
6.5 6.5 0 -21.554045930649
7 6.5 0 -21.871884918517
7.5 6.5 0 -23.359517822758
8 6.5 0 -22.988346933019
8.5 6.5 0 -23.460942519542
9 6.5 0 -23.775862359836
9.5 6.5 0 -23.735089929203
10 6.5 0 -23.461566868269
10.5 6.5 0 -23.649302657801
11 6.5 0 -24.035097022125
11.5 6.5 0 -24.808055828022
12 6.5 0 -24.388050954782
12.5 6.5 0 -24.574732669604
13 6.5 0 -25.684465073415
13.5 6.5 0 -27.613213358053
14 6.5 0 -27.399070811161
14.5 6.5 0 -27.804433514107
15 6.5 0 -28.835886333915
15.5 6.5 0 -28.356217764747
16 6.5 0 -27.463721342448
16.5 6.5 0 -25.928796073218
17 6.5 0 -25.957842406615
17.5 6.5 0 -25.025349834376
18 6.5 0 -25.073126711489
18.5 6.5 0 -25.774810201247
19 6.5 0 -25.816439806573
19.5 6.5 0 -25.489213973669
20 6.5 0 -25.058600614625
20.5 6.5 0 -24.966471605803
21 6.5 0 -24.352431856783
21.5 6.5 0 -24.163084656683
22 6.5 0 -23.737230262292
22.5 6.5 0 -23.528594294619
23 6.5 0 -22.845132440788
23.5 6.5 0 -22.310376070267
24 6.5 0 -21.35837176562
24.5 6.5 0 -19.680889545503
25 6.5 0 -18.435079111954
0 7 0 -26.082856355649
0.5 7 0 -25.80617347397
1 7 0 -25.561877898262
1.5 7 0 -25.386105341049
2 7 0 -24.960393724218
2.5 7 0 -24.849968640819
3 7 0 -23.985251391316
3.5 7 0 -23.127275252467
4 7 0 -22.359515815342
4.5 7 0 -21.93611881518
5 7 0 -21.808539803373
5.5 7 0 -21.825513125714
6 7 0 -21.819110492645
6.5 7 0 -22.065251112355
7 7 0 -22.882146607278
7.5 7 0 -23.246693900675
8 7 0 -23.349070316037
8.5 7 0 -23.46312193014
9 7 0 -23.600957391116
9.5 7 0 -23.625357657973
10 7 0 -23.60921420366
10.5 7 0 -24.012637964146
11 7 0 -24.176546233563
11.5 7 0 -24.791393132263
12 7 0 -24.564491912731
12.5 7 0 -25.332109135003
13 7 0 -26.831614766749
13.5 7 0 -27.261688726813
14 7 0 -26.479079469859
14.5 7 0 -27.901813375702
15 7 0 -29.278098195007
15.5 7 0 -29.032020326519
16 7 0 -27.941966853089
16.5 7 0 -26.049386735333
17 7 0 -25.257985090882
17.5 7 0 -25.419972173703
18 7 0 -25.622503057354
18.5 7 0 -25.129414456404
19 7 0 -25.207938017561
19.5 7 0 -25.019258551778
20 7 0 -24.0373733581
20.5 7 0 -24.8527951218
21 7 0 -23.739377632058
21.5 7 0 -23.324694431784
22 7 0 -23.036357909344
22.5 7 0 -23.200504859781
23 7 0 -22.327809050487
23.5 7 0 -21.95427347016
24 7 0 -21.46868932459
24.5 7 0 -19.983577365183
25 7 0 -19.076723340053
0 7.5 0 -26.553436476467
0.5 7.5 0 -26.248201332419
1 7.5 0 -25.900520862964
1.5 7.5 0 -25.57112669263
2 7.5 0 -24.908183624199
2.5 7.5 0 -24.36436784425
3 7.5 0 -23.659855333336
3.5 7.5 0 -22.942561744311
4 7.5 0 -22.67083469955
4.5 7.5 0 -22.018775864598
5 7.5 0 -21.709958102096
5.5 7.5 0 -21.757009998996
6 7.5 0 -21.833480498575
6.5 7.5 0 -21.959125737591
7 7.5 0 -22.641085721546
7.5 7.5 0 -22.849054581019
8 7.5 0 -22.917204727308
8.5 7.5 0 -22.780114664403
9 7.5 0 -23.337437481756
9.5 7.5 0 -23.583141448685
10 7.5 0 -23.395585113781
10.5 7.5 0 -24.012030365414
11 7.5 0 -24.34465954641
11.5 7.5 0 -24.415006136834
12 7.5 0 -24.478324002481
12.5 7.5 0 -25.383050389017
13 7.5 0 -26.663640193809
13.5 7.5 0 -26.737583872122
14 7.5 0 -26.578341865074
14.5 7.5 0 -27.837428833779
15 7.5 0 -29.082859955777
15.5 7.5 0 -29.311070976165
16 7.5 0 -28.513381544463
16.5 7.5 0 -27.416590658782
17 7.5 0 -26.777570746526
17.5 7.5 0 -26.259079488913
18 7.5 0 -25.714164391967
18.5 7.5 0 -25.097811858515
19 7.5 0 -25.039249264832
19.5 7.5 0 -25.333948983367
20 7.5 0 -24.96365205486
20.5 7.5 0 -23.907924117456
21 7.5 0 -23.439834604134
21.5 7.5 0 -22.941155226205
22 7.5 0 -22.647527827254
22.5 7.5 0 -22.424540877548
23 7.5 0 -22.046865878414
23.5 7.5 0 -21.678131106785
24 7.5 0 -21.227531728855
24.5 7.5 0 -20.261690272608
25 7.5 0 -18.785623265243
0 8 0 -26.42909367236
0.5 8 0 -26.124476813096
1 8 0 -25.656215946757
1.5 8 0 -25.251684911598
2 8 0 -24.596554604651
2.5 8 0 -23.946855111303
3 8 0 -23.64803757444
3.5 8 0 -22.594495854269
4 8 0 -22.631760343166
4.5 8 0 -21.783410270625
5 8 0 -21.606192806347
5.5 8 0 -21.77343415971
6 8 0 -21.991624011022
6.5 8 0 -22.454537565846
7 8 0 -22.915204245298
7.5 8 0 -22.893816815622
8 8 0 -22.848233438112
8.5 8 0 -22.769095358048
9 8 0 -23.270164007233
9.5 8 0 -23.586898162959
10 8 0 -23.782773966055
10.5 8 0 -23.772766551174
11 8 0 -24.195940435626
11.5 8 0 -24.171777398755
12 8 0 -24.218089966585
12.5 8 0 -25.129690543979
13 8 0 -25.991756682386
13.5 8 0 -26.213993382317
14 8 0 -26.945646143508
14.5 8 0 -27.879611768147
15 8 0 -28.704802925264
15.5 8 0 -29.393609593029
16 8 0 -29.573206702876
16.5 8 0 -29.010557100962
17 8 0 -28.418716055633
17.5 8 0 -27.629330753336
18 8 0 -26.253934942372
18.5 8 0 -25.249018178665
19 8 0 -24.547845252574
19.5 8 0 -24.475950609025
20 8 0 -24.669487712858
20.5 8 0 -23.591051771989
21 8 0 -23.243154309225
21.5 8 0 -22.581341582374
22 8 0 -22.148995820159
22.5 8 0 -21.957572213067
23 8 0 -21.648075274172
23.5 8 0 -21.43210079658
24 8 0 -20.596963171119
24.5 8 0 -19.83180155705
25 8 0 -18.870462922895
0 8.5 0 -26.065520453858
0.5 8.5 0 -25.729603280898
1 8.5 0 -25.217477681772
1.5 8.5 0 -24.854321770175
2 8.5 0 -24.312074804148
2.5 8.5 0 -23.787569607159
3 8.5 0 -23.379557665455
3.5 8.5 0 -22.7552827822
4 8.5 0 -22.690144571107
4.5 8.5 0 -21.823404048753
5 8.5 0 -21.65020067985
5.5 8.5 0 -21.823772156194
6 8.5 0 -21.851186293849
6.5 8.5 0 -21.960136359078
7 8.5 0 -22.050667890546
7.5 8.5 0 -22.208265888314
8 8.5 0 -22.851857650892
8.5 8.5 0 -22.743946039431
9 8.5 0 -23.082605474187
9.5 8.5 0 -23.274004080954
10 8.5 0 -23.186476387376
10.5 8.5 0 -23.715616273727
11 8.5 0 -24.153312446651
11.5 8.5 0 -24.28356674657
12 8.5 0 -24.298421313033
12.5 8.5 0 -25.396387636392
13 8.5 0 -26.158770548997
13.5 8.5 0 -26.535309091066
14 8.5 0 -27.251786939876
14.5 8.5 0 -27.660178238532
15 8.5 0 -28.465308267898
15.5 8.5 0 -29.874520396572
16 8.5 0 -30.026920172013
16.5 8.5 0 -29.070103555969
17 8.5 0 -28.277484510254
17.5 8.5 0 -26.626001146088
18 8.5 0 -26.300631302534
18.5 8.5 0 -25.052077207682
19 8.5 0 -25.049259525476
19.5 8.5 0 -24.61978197156
20 8.5 0 -24.563514517727
20.5 8.5 0 -23.520639156307
21 8.5 0 -22.945538056392
21.5 8.5 0 -22.569119762146
22 8.5 0 -21.79478660741
22.5 8.5 0 -21.097539270544
23 8.5 0 -20.776772025759
23.5 8.5 0 -20.518339116165
24 8.5 0 -20.24017230966
24.5 8.5 0 -19.88249154984
25 8.5 0 -18.468514322879
0 9 0 -25.498598281846
0.5 9 0 -25.072243794829
1 9 0 -24.552814729771
1.5 9 0 -24.164869426658
2 9 0 -23.7747824599
2.5 9 0 -23.278762292442
3 9 0 -22.984572315699
3.5 9 0 -22.568054415946
4 9 0 -22.515057416972
4.5 9 0 -22.087775621873
5 9 0 -21.678142567999
5.5 9 0 -21.549185750347
6 9 0 -21.310092440918
6.5 9 0 -21.371378034118
7 9 0 -21.305997220058
7.5 9 0 -21.388723720567
8 9 0 -22.137213794452
8.5 9 0 -22.261053241272
9 9 0 -22.885976424733
9.5 9 0 -23.090700798555
10 9 0 -23.058955210026
10.5 9 0 -23.529627976569
11 9 0 -23.782313823874
11.5 9 0 -24.638209813961
12 9 0 -24.641417473966
12.5 9 0 -25.736544955306
13 9 0 -26.193030897876
13.5 9 0 -26.55776488795
14 9 0 -26.478486016425
14.5 9 0 -26.594269666993
15 9 0 -27.530306001723
15.5 9 0 -28.25629119092
16 9 0 -28.084725461211
16.5 9 0 -27.678146976173
17 9 0 -27.487144600359
17.5 9 0 -26.384280956185
18 9 0 -25.501608554485
18.5 9 0 -25.525652130882
19 9 0 -23.939424842031
19.5 9 0 -24.077088588801
20 9 0 -24.230139696443
20.5 9 0 -23.152596335567
21 9 0 -22.468090404885
21.5 9 0 -22.300833453337
22 9 0 -21.29854291521
22.5 9 0 -20.396898611006
23 9 0 -19.890963677373
23.5 9 0 -19.834891034627
24 9 0 -19.697526849178
24.5 9 0 -19.413319777869
25 9 0 -18.424993886544
0 9.5 0 -24.899083839283
0.5 9.5 0 -24.446687327988
1 9.5 0 -23.684283301769
1.5 9.5 0 -23.13364427406
2 9.5 0 -22.624882125414
2.5 9.5 0 -22.337300612226
3 9.5 0 -21.849001117548
3.5 9.5 0 -21.862691562266
4 9.5 0 -22.054620324306
4.5 9.5 0 -21.839466911327
5 9.5 0 -21.729162919018
5.5 9.5 0 -21.349783836812
6 9.5 0 -20.870993294
6.5 9.5 0 -20.340339149838
7 9.5 0 -20.637335931494
7.5 9.5 0 -21.083662657504
8 9.5 0 -21.460596712726
8.5 9.5 0 -21.903455366225
9 9.5 0 -22.291009068463
9.5 9.5 0 -22.425192132002
10 9.5 0 -22.803558453995
10.5 9.5 0 -23.106425742202
11 9.5 0 -23.846997045425
11.5 9.5 0 -24.273037762833
12 9.5 0 -24.756969250839
12.5 9.5 0 -24.435296093402
13 9.5 0 -25.141332894365
13.5 9.5 0 -25.537416692378
14 9.5 0 -24.797247588933
14.5 9.5 0 -25.044913919467
15 9.5 0 -26.563964236728
15.5 9.5 0 -26.189777126205
16 9.5 0 -25.843212128966
16.5 9.5 0 -26.284756341264
17 9.5 0 -27.472344095644
17.5 9.5 0 -27.080785445454
18 9.5 0 -26.507019143148
18.5 9.5 0 -25.891463067763
19 9.5 0 -24.612102449324
19.5 9.5 0 -24.04276916762
20 9.5 0 -23.251947814894
20.5 9.5 0 -22.557243941818
21 9.5 0 -22.224411386366
21.5 9.5 0 -21.853205568256
22 9.5 0 -20.864948856247
22.5 9.5 0 -20.025505958787
23 9.5 0 -19.425864147371
23.5 9.5 0 -19.266067191219
24 9.5 0 -18.665320045127
24.5 9.5 0 -18.224649292319
25 9.5 0 -17.822073116388
0 10 0 -24.215971181029
0.5 10 0 -23.602909756846
1 10 0 -22.757618101501
1.5 10 0 -21.803246896128
2 10 0 -20.800896803843
2.5 10 0 -20.447800612467
3 10 0 -20.709460436243
3.5 10 0 -21.020865735173
4 10 0 -21.393604375425
4.5 10 0 -21.260473890921
5 10 0 -20.89250198359
5.5 10 0 -20.812707805961
6 10 0 -20.295380524547
6.5 10 0 -19.404170531105
7 10 0 -19.668054024641
7.5 10 0 -20.122304266889
8 10 0 -20.274898925936
8.5 10 0 -21.032176216616
9 10 0 -21.755509725127
9.5 10 0 -21.529379721334
10 10 0 -21.991805966387
10.5 10 0 -22.555687979574
11 10 0 -23.221600819558
11.5 10 0 -23.51074265052
12 10 0 -24.102479976829
12.5 10 0 -23.42344161561
13 10 0 -23.976344820173
13.5 10 0 -24.644008091014
14 10 0 -24.381658686081
14.5 10 0 -24.207668778762
15 10 0 -24.449280542242
15.5 10 0 -25.031589865473
16 10 0 -24.300559506625
16.5 10 0 -24.810339786361
17 10 0 -26.562284130552
17.5 10 0 -27.064565490238
18 10 0 -26.726231544628
18.5 10 0 -25.477165572994
19 10 0 -24.894341313056
19.5 10 0 -23.678746928598
20 10 0 -22.668136424295
20.5 10 0 -21.938106543047
21 10 0 -21.672836523293
21.5 10 0 -21.410646169749
22 10 0 -20.276380327471
22.5 10 0 -19.495413396686
23 10 0 -18.760681650872
23.5 10 0 -18.569672930972
24 10 0 -17.604925956809
24.5 10 0 -16.765764315642
25 10 0 -16.560093269735
0 10.5 0 -23.603195200539
0.5 10.5 0 -22.936086422322
1 10.5 0 -22.095005813781
1.5 10.5 0 -21.104287412254
2 10.5 0 -20.224720671346
2.5 10.5 0 -19.694446795852
3 10.5 0 -19.796918788258
3.5 10.5 0 -19.932438915164
4 10.5 0 -20.164819368055
4.5 10.5 0 -20.52665650482
5 10.5 0 -20.898579536425
5.5 10.5 0 -20.727649259332
6 10.5 0 -19.938057947627
6.5 10.5 0 -19.453309686011
7 10.5 0 -19.169734660818
7.5 10.5 0 -19.364097900684
8 10.5 0 -19.683185762107
8.5 10.5 0 -20.756894558353
9 10.5 0 -21.664164186777
9.5 10.5 0 -20.777349646637
10 10.5 0 -21.164257787936
10.5 10.5 0 -22.381469826257
11 10.5 0 -22.243710429146
11.5 10.5 0 -22.92236594163
12 10.5 0 -23.41651603715
12.5 10.5 0 -22.68231663106
13 10.5 0 -22.836279650722
13.5 10.5 0 -23.383779836158
14 10.5 0 -23.696444788494
14.5 10.5 0 -23.680229580466
15 10.5 0 -23.786035408477
15.5 10.5 0 -24.126593560903
16 10.5 0 -23.463376247459
16.5 10.5 0 -23.657374511811
17 10.5 0 -25.345744584695
17.5 10.5 0 -26.224344032259
18 10.5 0 -26.123845790077
18.5 10.5 0 -25.468273658697
19 10.5 0 -24.188466043189
19.5 10.5 0 -23.02169968942
20 10.5 0 -22.241453358991
20.5 10.5 0 -22.055567448838
21 10.5 0 -21.607876155495
21.5 10.5 0 -21.091867287464
22 10.5 0 -19.953898909848
22.5 10.5 0 -19.370887284847
23 10.5 0 -18.282498349417
23.5 10.5 0 -17.940270249866
24 10.5 0 -17.192408231122
24.5 10.5 0 -16.448161861629
25 10.5 0 -15.595509354025
0 11 0 -23.050958927155
0.5 11 0 -22.332891354903
1 11 0 -21.737552088926
1.5 11 0 -21.014452454806
2 11 0 -20.247561795359
2.5 11 0 -19.535412578417
3 11 0 -19.658923599924
3.5 11 0 -19.70260733642
4 11 0 -19.864848619976
4.5 11 0 -20.490026843215
5 11 0 -20.73124095425
5.5 11 0 -20.546275571513
6 11 0 -20.230307530838
6.5 11 0 -19.33975079501
7 11 0 -18.708533578168
7.5 11 0 -18.823270168984
8 11 0 -19.169816316149
8.5 11 0 -19.941687764154
9 11 0 -20.483286814039
9.5 11 0 -19.943464186992
10 11 0 -20.215084267965
10.5 11 0 -20.636890925704
11 11 0 -21.34596390268
11.5 11 0 -21.800892612011
12 11 0 -21.312953551408
12.5 11 0 -22.080563023782
13 11 0 -22.540667120224
13.5 11 0 -22.857223168794
14 11 0 -23.358223845744
14.5 11 0 -23.842012668291
15 11 0 -23.686588762157
15.5 11 0 -23.066366516675
16 11 0 -22.6597792788
16.5 11 0 -22.532793712759
17 11 0 -24.556357208843
17.5 11 0 -25.153253354092
18 11 0 -25.012075952197
18.5 11 0 -23.326304786072
19 11 0 -21.973760168082
19.5 11 0 -22.412754351227
20 11 0 -22.622061568088
20.5 11 0 -22.384727654582
21 11 0 -21.362834116167
21.5 11 0 -20.42192562253
22 11 0 -19.882116036952
22.5 11 0 -18.87403664123
23 11 0 -17.606368822948
23.5 11 0 -17.561298872325
24 11 0 -17.161605294204
24.5 11 0 -16.634295085887
25 11 0 -14.99808068567
0 11.5 0 -22.525939351896
0.5 11.5 0 -21.886598848076
1 11.5 0 -21.542790770818
1.5 11.5 0 -20.980347287543
2 11.5 0 -20.394826105364
2.5 11.5 0 -19.610194626935
3 11.5 0 -19.692505619275
3.5 11.5 0 -19.90404791769
4 11.5 0 -20.088143985775
4.5 11.5 0 -20.509096301421
5 11.5 0 -20.531779525159
5.5 11.5 0 -20.710991620327
6 11.5 0 -20.498287759769
6.5 11.5 0 -19.91228094555
7 11.5 0 -19.150846953152
7.5 11.5 0 -18.874820323226
8 11.5 0 -18.602471931355
8.5 11.5 0 -19.067596752045
9 11.5 0 -19.075708996093
9.5 11.5 0 -19.51126212031
10 11.5 0 -19.940272214316
10.5 11.5 0 -20.004378422919
11 11.5 0 -20.794317580313
11.5 11.5 0 -21.239379105765
12 11.5 0 -21.397358889342
12.5 11.5 0 -21.721718909778
13 11.5 0 -22.222519713756
13.5 11.5 0 -22.401741899447
14 11.5 0 -22.150283159673
14.5 11.5 0 -22.789729302063
15 11.5 0 -23.269522110836
15.5 11.5 0 -22.357159281886
16 11.5 0 -22.078758730836
16.5 11.5 0 -22.722206876409
17 11.5 0 -24.297014106911
17.5 11.5 0 -24.552218379097
18 11.5 0 -24.587629940681
18.5 11.5 0 -23.298220408941
19 11.5 0 -22.125597143172
19.5 11.5 0 -21.551713442094
20 11.5 0 -22.285851202558
20.5 11.5 0 -22.2412796949
21 11.5 0 -21.010376838606
21.5 11.5 0 -19.444927311318
22 11.5 0 -18.309396579549
22.5 11.5 0 -17.475723159849
23 11.5 0 -16.239881233787
23.5 11.5 0 -17.06260264862
24 11.5 0 -15.005425086434
24.5 11.5 0 -15.532050478916
25 11.5 0 -15.782792027513
0 12 0 -22.439458600886
0.5 12 0 -21.861520717342
1 12 0 -21.440269967654
1.5 12 0 -21.100969743565
2 12 0 -20.665977221315
2.5 12 0 -20.138005053128
3 12 0 -19.920272389234
3.5 12 0 -20.14215983349
4 12 0 -20.33913030658
4.5 12 0 -20.494916541305
5 12 0 -20.573187924636
5.5 12 0 -20.824737813559
6 12 0 -20.551009400526
6.5 12 0 -20.175095713805
7 12 0 -19.726594809879
7.5 12 0 -19.360157075784
8 12 0 -19.04297282282
8.5 12 0 -18.918182260597
9 12 0 -18.53906674339
9.5 12 0 -18.831375600739
10 12 0 -19.298039749757
10.5 12 0 -19.490791334986
11 12 0 -20.093687069761
11.5 12 0 -20.69473771263
12 12 0 -21.11493060657
12.5 12 0 -21.582371626864
13 12 0 -21.922975475483
13.5 12 0 -21.77074636579
14 12 0 -22.104966603992
14.5 12 0 -22.047030432865
15 12 0 -22.458722963302
15.5 12 0 -22.290607709571
16 12 0 -22.217984435596
16.5 12 0 -22.976074673675
17 12 0 -23.455268949129
17.5 12 0 -22.996942881571
18 12 0 -23.276949783633
18.5 12 0 -22.97026378725
19 12 0 -22.014790610971
19.5 12 0 -19.960980456821
20 12 0 -20.555769625985
20.5 12 0 -20.979815309488
21 12 0 -20.115946475419
21.5 12 0 -18.668316355553
22 12 0 -17.004994904782
22.5 12 0 -16.438899660842
23 12 0 -15.782541125727
23.5 12 0 -15.487081632837
24 12 0 -14.323973329275
24.5 12 0 -14.460820520353
25 12 0 -15.048927832265
0 12.5 0 -22.383165313337
0.5 12.5 0 -22.078737302958
1 12.5 0 -21.739947059174
1.5 12.5 0 -21.494609112826
2 12.5 0 -21.133322624874
2.5 12.5 0 -20.761336950812
3 12.5 0 -20.487361305654
3.5 12.5 0 -20.423978022022
4 12.5 0 -20.453131288287
4.5 12.5 0 -20.62027955701
5 12.5 0 -20.525880133496
5.5 12.5 0 -20.727375532195
6 12.5 0 -20.491954570864
6.5 12.5 0 -20.182705184162
7 12.5 0 -19.764496155388
7.5 12.5 0 -19.225985221161
8 12.5 0 -18.695274775655
8.5 12.5 0 -18.821838139274
9 12.5 0 -18.765503449692
9.5 12.5 0 -18.858782360324
10 12.5 0 -18.819745621582
10.5 12.5 0 -18.896915212455
11 12.5 0 -19.528583312616
11.5 12.5 0 -20.009310952451
12 12.5 0 -20.529188758352
12.5 12.5 0 -21.239508521759
13 12.5 0 -21.985575682891
13.5 12.5 0 -22.035916639894
14 12.5 0 -21.313927023558
14.5 12.5 0 -20.97465882526
15 12.5 0 -21.023413434825
15.5 12.5 0 -21.480764559079
16 12.5 0 -21.811289038508
16.5 12.5 0 -21.977241794759
17 12.5 0 -21.666543412108
17.5 12.5 0 -21.278680622852
18 12.5 0 -22.029286507691
18.5 12.5 0 -22.089296951954
19 12.5 0 -20.940060960188
19.5 12.5 0 -19.354355969996
20 12.5 0 -18.97347268295
20.5 12.5 0 -19.758901838632
21 12.5 0 -19.051782102268
21.5 12.5 0 -17.126848855749
22 12.5 0 -16.010229667086
22.5 12.5 0 -15.539838385693
23 12.5 0 -14.974054134317
23.5 12.5 0 -14.523109048837
24 12.5 0 -14.018187384244
24.5 12.5 0 -13.497246156776
25 12.5 0 -13.029656154513
0 13 0 -22.389588916491
0.5 13 0 -22.281194509556
1 13 0 -22.040156007107
1.5 13 0 -21.755067522729
2 13 0 -21.59976085403
2.5 13 0 -21.30568042638
3 13 0 -21.027239983724
3.5 13 0 -20.769665187086
4 13 0 -20.5508898906
4.5 13 0 -20.476614253203
5 13 0 -20.560983752182
5.5 13 0 -20.515119088727
6 13 0 -20.252685898099
6.5 13 0 -19.877132624849
7 13 0 -19.535549090613
7.5 13 0 -18.813462939972
8 13 0 -18.500737618108
8.5 13 0 -18.059103297573
9 13 0 -18.067252692172
9.5 13 0 -18.435487619026
10 13 0 -18.313874284155
10.5 13 0 -18.524530618864
11 13 0 -19.192165587618
11.5 13 0 -19.79685666517
12 13 0 -20.059445232744
12.5 13 0 -20.56521583488
13 13 0 -21.134285413119
13.5 13 0 -21.954549359629
14 13 0 -21.138413120836
14.5 13 0 -20.817844104402
15 13 0 -20.192679463173
15.5 13 0 -20.725151923512
16 13 0 -21.182237428076
16.5 13 0 -21.071710162193
17 13 0 -20.605043255992
17.5 13 0 -20.902980859881
18 13 0 -21.472741807506
18.5 13 0 -21.106748206705
19 13 0 -19.728348525183
19.5 13 0 -18.816235351621
20 13 0 -17.912425297854
20.5 13 0 -18.858554740011
21 13 0 -17.164096862116
21.5 13 0 -14.878140338691
22 13 0 -14.774853373784
22.5 13 0 -14.590990353955
23 13 0 -14.109509071858
23.5 13 0 -13.769686932932
24 13 0 -13.589992492414
24.5 13 0 -13.114195145139
25 13 0 -12.698534925637
0 13.5 0 -22.354004139783
0.5 13.5 0 -22.289920419812
1 13.5 0 -22.313244415022
1.5 13.5 0 -22.132549801668
2 13.5 0 -21.972264444569
2.5 13.5 0 -21.70576665575
3 13.5 0 -21.383240047124
3.5 13.5 0 -20.86141050325
4 13.5 0 -20.706620585268
4.5 13.5 0 -20.591950677656
5 13.5 0 -20.429446622838
5.5 13.5 0 -20.319212468588
6 13.5 0 -19.957135727248
6.5 13.5 0 -19.65042141443
7 13.5 0 -19.071815782438
7.5 13.5 0 -18.43463248336
8 13.5 0 -17.954525212061
8.5 13.5 0 -17.659499550509
9 13.5 0 -17.266014054187
9.5 13.5 0 -17.345988707531
10 13.5 0 -17.668598402158
10.5 13.5 0 -17.968174608864
11 13.5 0 -18.426549593581
11.5 13.5 0 -18.618115350283
12 13.5 0 -19.383208719981
12.5 13.5 0 -19.811096811256
13 13.5 0 -20.047950048792
13.5 13.5 0 -20.222473636353
14 13.5 0 -20.594918478495
14.5 13.5 0 -20.577201758391
15 13.5 0 -19.188174951153
15.5 13.5 0 -20.188931917167
16 13.5 0 -20.60955111635
16.5 13.5 0 -20.46384640025
17 13.5 0 -20.360918396684
17.5 13.5 0 -20.619287673145
18 13.5 0 -20.457003794473
18.5 13.5 0 -19.648397874872
19 13.5 0 -18.141827999396
19.5 13.5 0 -17.387117932199
20 13.5 0 -17.485351588976
20.5 13.5 0 -16.809187495486
21 13.5 0 -14.036286809293
21.5 13.5 0 -13.928588984629
22 13.5 0 -14.173487756375
22.5 13.5 0 -14.023348681903
23 13.5 0 -14.374077468964
23.5 13.5 0 -13.588736297993
24 13.5 0 -13.253354160509
24.5 13.5 0 -12.992503116781
25 13.5 0 -12.622071615954
0 14 0 -21.88430947681
0.5 14 0 -22.081681972898
1 14 0 -22.390550235265
1.5 14 0 -22.469107359203
2 14 0 -22.195823512897
2.5 14 0 -21.965872023939
3 14 0 -21.763773724677
3.5 14 0 -21.353385544852
4 14 0 -20.991448525376
4.5 14 0 -20.685778235633
5 14 0 -20.230468300858
5.5 14 0 -19.972659976405
6 14 0 -19.605582414874
6.5 14 0 -19.092792676184
7 14 0 -18.553587121541
7.5 14 0 -17.700559217374
8 14 0 -16.672204312036
8.5 14 0 -16.36971724018
9 14 0 -16.12359745537
9.5 14 0 -16.499429662741
10 14 0 -16.70173511251
10.5 14 0 -17.088403461196
11 14 0 -17.788308208887
11.5 14 0 -18.129280620987
12 14 0 -18.852100278872
12.5 14 0 -19.118577237558
13 14 0 -19.371417426507
13.5 14 0 -19.488978513994
14 14 0 -19.693659986615
14.5 14 0 -19.093470444586
15 14 0 -18.641100980059
15.5 14 0 -19.6144030837
16 14 0 -19.479384827422
16.5 14 0 -19.190094381069
17 14 0 -18.483310781063
17.5 14 0 -18.588141848243
18 14 0 -18.417894993316
18.5 14 0 -18.302372080673
19 14 0 -17.349269230969
19.5 14 0 -16.830532257936
20 14 0 -16.199523065775
20.5 14 0 -15.784131868205
21 14 0 -14.215049677496
21.5 14 0 -14.322991231467
22 14 0 -13.898017418175
22.5 14 0 -13.675529780998
23 14 0 -13.437962418369
23.5 14 0 -13.635301599366
24 14 0 -13.951133725442
24.5 14 0 -13.454807590254
25 14 0 -12.661498086735
0 14.5 0 -21.226482759747
0.5 14.5 0 -21.711044448578
1 14.5 0 -22.35932661625
1.5 14.5 0 -22.693784100645
2 14.5 0 -22.463668532459
2.5 14.5 0 -22.054684564315
3 14.5 0 -21.93811950452
3.5 14.5 0 -21.512740389733
4 14.5 0 -21.043232336396
4.5 14.5 0 -20.7878074338
5 14.5 0 -20.219502116712
5.5 14.5 0 -19.649609561337
6 14.5 0 -18.77332814102
6.5 14.5 0 -18.228339962026
7 14.5 0 -17.919838615557
7.5 14.5 0 -16.934478352073
8 14.5 0 -16.013287365357
8.5 14.5 0 -15.706957228972
9 14.5 0 -15.616728343626
9.5 14.5 0 -15.696611742312
10 14.5 0 -15.775538624466
10.5 14.5 0 -16.238865438086
11 14.5 0 -17.272356345663
11.5 14.5 0 -17.803834482863
12 14.5 0 -18.152879389435
12.5 14.5 0 -18.553996905056
13 14.5 0 -18.629835503737
13.5 14.5 0 -18.893813009949
14 14.5 0 -19.058284554049
14.5 14.5 0 -18.677672934799
15 14.5 0 -18.324845394113
15.5 14.5 0 -18.597770031347
16 14.5 0 -18.572867642478
16.5 14.5 0 -18.694393301615
17 14.5 0 -17.346375948778
17.5 14.5 0 -16.953891531769
18 14.5 0 -17.157065252001
18.5 14.5 0 -17.404571065023
19 14.5 0 -17.08856672549
19.5 14.5 0 -16.141165443131
20 14.5 0 -15.397228364199
20.5 14.5 0 -15.113861998162
21 14.5 0 -14.422158200609
21.5 14.5 0 -14.300100536341
22 14.5 0 -13.880527961318
22.5 14.5 0 -13.538577401139
23 14.5 0 -13.097860159448
23.5 14.5 0 -13.542451968503
24 14.5 0 -14.041345867321
24.5 14.5 0 -13.571688883956
25 14.5 0 -12.830704506271
0 15 0 -20.725457361953
0.5 15 0 -21.431010624203
1 15 0 -22.355409178498
1.5 15 0 -22.911964457059
2 15 0 -22.626630233843
2.5 15 0 -22.219293330012
3 15 0 -21.974873799493
3.5 15 0 -21.474847559993
4 15 0 -21.041976444237
4.5 15 0 -20.671208359371
5 15 0 -20.131481668868
5.5 15 0 -19.330256861917
6 15 0 -18.160806848786
6.5 15 0 -17.440622156129
7 15 0 -16.68311363336
7.5 15 0 -15.927796095375
8 15 0 -15.613488541492
8.5 15 0 -15.138617433066
9 15 0 -14.924547879993
9.5 15 0 -15.001280489572
10 15 0 -14.88973048644
10.5 15 0 -15.462843559103
11 15 0 -16.422475677748
11.5 15 0 -16.973158157723
12 15 0 -17.734392209009
12.5 15 0 -18.404867627111
13 15 0 -18.028380711424
13.5 15 0 -17.67080863026
14 15 0 -18.188824510953
14.5 15 0 -18.256727364418
15 15 0 -17.7188355464
15.5 15 0 -17.672444492176
16 15 0 -18.123837644942
16.5 15 0 -18.198445998824
17 15 0 -17.528053004564
17.5 15 0 -17.614699368553
18 15 0 -17.492741580661
18.5 15 0 -17.414648690841
19 15 0 -16.633833664514
19.5 15 0 -14.880379488088
20 15 0 -14.708769089897
20.5 15 0 -14.010333176218
21 15 0 -13.64164460183
21.5 15 0 -14.35608051294
22 15 0 -13.742956467317
22.5 15 0 -13.452152826972
23 15 0 -12.948712020393
23.5 15 0 -13.046545969578
24 15 0 -13.436022152766
24.5 15 0 -13.372796962717
25 15 0 -12.80972674522
