0 0 1.8098838229684
0.5 0 1.9255611534635
1 0 1.3274092410634
1.5 0 0.75490471669033
2 0 0.68132929641608
2.5 0 0.89566506598864
3 0 0.83274369115913
3.5 0 0.3163427432392
4 0 0.25029095581806
4.5 0 0.78934272467654
5 0 0.92079091768116
5.5 0 1.1693954857226
6 0 1.6537802480115
6.5 0 1.7525991161619
7 0 1.8093552451376
7.5 0 1.4294096017333
8 0 0.44525744099955
8.5 0 0.40895306576127
9 0 0.66530229801803
9.5 0 -0.18464615528229
10 0 -0.74797833565191
10.5 0 0.078530075293568
11 0 0.82604268433972
11.5 0 0.85647875514889
12 0 0.42043450300087
12.5 0 0.62247805428993
13 0 0.89205739729408
13.5 0 1.1761138804287
14 0 1.0336838977757
14.5 0 0.9619899904785
15 0 1.1684861967472
15.5 0 1.0709344646315
16 0 0.85938530216887
16.5 0 0.73174432231917
17 0 0.64390818883332
17.5 0 1.0126281536928
18 0 1.0143055800812
18.5 0 0.89874919164365
19 0 1.1260539967727
19.5 0 1.1249148193182
20 0 0.97193019893797
20.5 0 0.83535935955991
21 0 0.64996631334303
21.5 0 0.76149700425843
22 0 0.90646279890808
22.5 0 0.4039113062006
23 0 0.34373157719266
23.5 0 0.56585492121958
24 0 0.10574637032081
24.5 0 -0.0080129472542012
25 0 0.41039757583686
0 0.5 1.4423759625612
0.5 0.5 1.4259227844334
1 0.5 1.155810564507
1.5 0.5 1.0650933397337
2 0.5 1.2442591343737
2.5 0.5 1.3707449651228
3 0.5 1.166614439335
3.5 0.5 0.60149024688393
4 0.5 0.49484416825368
4.5 0.5 1.0746617889101
5 0.5 0.91911142036244
5.5 0.5 0.76676721913609
6 0.5 1.4770990543491
6.5 0.5 1.6979011412079
7 0.5 1.65583174981
7.5 0.5 1.5001969352982
8 0.5 0.75935544580204
8.5 0.5 0.23887285354807
9 0.5 0.50155799259343
9.5 0.5 -0.019166057018059
10 0.5 -0.65358800748347
10.5 0.5 0.19110973588015
11 0.5 1.1074112329327
11.5 0.5 0.89678500442591
12 0.5 0.41521176439559
12.5 0.5 0.81491713659918
13 0.5 1.1252268967449
13.5 0.5 1.2268166682358
14 0.5 1.026446987698
14.5 0.5 1.135264227311
15 0.5 1.4047684552719
15.5 0.5 1.3963770296314
16 0.5 1.2339739896707
16.5 0.5 1.2068863080816
17 0.5 1.2316227993602
17.5 0.5 1.139353174139
18 0.5 1.0298815223441
18.5 0.5 1.330192000693
19 0.5 1.8747682433201
19.5 0.5 1.7888420184587
20 0.5 1.488962857999
20.5 0.5 1.4001135697318
21 0.5 1.1425844044806
21.5 0.5 1.1531236504097
22 0.5 1.2825419282609
22.5 0.5 1.1078943880258
23 0.5 1.0388748542437
23.5 0.5 0.84009972874507
24 0.5 0.35988561301613
24.5 0.5 0.13416835349192
25 0.5 0.48926105764651
0 1 1.0308175073495
0.5 1 0.96633387545374
1 1 0.98194338110465
1.5 1 1.0970199237501
2 1 1.4272624481986
2.5 1 1.5486542593305
3 1 1.1988483097121
3.5 1 0.7289592763895
4 1 0.76914922527162
4.5 1 1.1287827920075
5 1 0.79502403797648
5.5 1 0.39480809254807
6 1 1.0387056579128
6.5 1 1.3893616853651
7 1 1.3978228535958
7.5 1 1.2912295018811
8 1 1.0181610038796
8.5 1 0.59868606988904
9 1 0.62546746342796
9.5 1 -0.063889598699372
10 1 -0.78224818742184
10.5 1 0.19460896449074
11 1 1.1255776236907
11.5 1 0.99333951785185
12 1 0.72978588667723
12.5 1 1.179837247684
13 1 1.4184574331689
13.5 1 1.2222093940379
14 1 0.70759550257344
14.5 1 0.91267273233551
15 1 1.2215104544761
15.5 1 1.3591808778059
16 1 1.4037401908073
16.5 1 1.5683553436502
17 1 1.5653495611595
17.5 1 1.1322280720255
18 1 1.1566682008022
18.5 1 1.8804856564527
19 1 2.5563513414738
19.5 1 2.2486005957891
20 1 1.8519061834597
20.5 1 1.8364687531598
21 1 1.7142813008027
21.5 1 1.7754212221655
22 1 1.8098322389161
22.5 1 1.8163575663711
23 1 1.6770520213754
23.5 1 1.1064279905396
24 1 0.63996399771152
24.5 1 0.27191820404601
25 1 0.40532951282513
0 1.5 0.87960764209585
0.5 1.5 0.96992855042955
1 1.5 1.0433815378042
1.5 1.5 0.98456125120558
2 1.5 1.3244722381848
2.5 1.5 1.6131079360391
3 1.5 1.3386406282467
3.5 1.5 0.98033854078875
4 1.5 0.8339994799345
4.5 1.5 0.82474243915071
5 1.5 0.65064793905976
5.5 1.5 0.43393355042799
6 1.5 0.89349493406878
6.5 1.5 0.77000066000439
7 1.5 0.53323208308852
7.5 1.5 0.63353098033679
8 1.5 0.79739553624556
8.5 1.5 0.77265284785083
9 1.5 0.56378058188631
9.5 1.5 -0.10103443689796
10 1.5 -0.51532600910948
10.5 1.5 0.32347105810534
11 1.5 1.0277155717911
11.5 1.5 0.57395885557131
12 1.5 0.42830001214827
12.5 1.5 1.216162132174
13 1.5 1.5893622738333
13.5 1.5 1.0469484062306
14 1.5 0.31499271074984
14.5 1.5 0.48923507824731
15 1.5 0.70484390548203
15.5 1.5 0.96178893376768
16 1.5 1.2812216368246
16.5 1.5 1.5647019704235
17 1.5 1.5199304720726
17.5 1.5 1.2061096775771
18 1.5 1.4577594277199
18.5 1.5 2.4185630104342
19 1.5 2.6296827808784
19.5 1.5 1.895772233694
20 1.5 1.750725790032
20.5 1.5 1.9528478992803
21 1.5 1.9542672704721
21.5 1.5 2.045614339159
22 1.5 2.147001832803
22.5 1.5 2.2739928960802
23 1.5 2.0918482097814
23.5 1.5 1.3792193620644
24 1.5 0.78026336814424
24.5 1.5 0.22544178972302
25 1.5 0.090524161819946
0 2 0.92120858066762
0.5 2 1.1721433105711
1 2 1.2309454547201
1.5 2 1.1602948118533
2 2 1.4679272074568
2.5 2 1.5781366391713
3 2 1.243486363283
3.5 2 0.96792615247278
4 2 0.67604395106221
4.5 2 0.42368398893601
5 2 0.45486342199036
5.5 2 0.65529687741373
6 2 0.98556162205785
6.5 2 0.74230047538601
7 2 0.27756432218487
7.5 2 0.45007933147248
8 2 0.51667453667699
8.5 2 0.50274941326344
9 2 0.24222104622577
9.5 2 -0.18798802668431
10 2 -0.38889376335551
10.5 2 0.48562257929151
11 2 1.1505896086708
11.5 2 0.38569616365987
12 2 0.38060010947064
12.5 2 1.4839351093045
13 2 1.8474192275888
13.5 2 0.9944496949646
14 2 0.19809813947187
14.5 2 0.46362168716243
15 2 0.40555064335621
15.5 2 0.23688799120459
16 2 0.72677969970287
16.5 2 1.1946032280414
17 2 1.1448911964407
17.5 2 0.97202442918225
18 2 1.3070367365256
18.5 2 2.1997074880452
19 2 2.3133901118161
19.5 2 1.4008336360066
20 2 1.1584820060127
20.5 2 1.419695913041
21 2 1.4969139679425
21.5 2 1.7405165273135
22 2 2.1194336520781
22.5 2 2.2447168103932
23 2 2.070039436759
23.5 2 1.6439785630993
24 2 1.1999673759167
24.5 2 0.70872243941254
25 2 0.35442757231171
0 2.5 0.92950587190604
0.5 2.5 1.1392213296536
1 2.5 1.2841372576215
1.5 2.5 1.4278349830522
2 2.5 1.5576806862084
2.5 2.5 1.3075390398505
3 2.5 0.91751328978943
3.5 2.5 0.70984008473028
4 2.5 0.50368271098331
4.5 2.5 0.30556803691663
5 2.5 0.36722933288841
5.5 2.5 0.57739889268676
6 2.5 0.82290360758001
6.5 2.5 0.8570981443417
7 2.5 0.64016171873583
7.5 2.5 0.59361886620441
8 2.5 0.44847437950862
8.5 2.5 0.40150732862207
9 2.5 0.060294717284769
9.5 2.5 -0.55520069927957
10 2.5 -0.76557859549131
10.5 2.5 0.32970988446612
11 2.5 1.0060648965655
11.5 2.5 0.46559126937329
12 2.5 0.90341285466627
12.5 2.5 1.9605232953445
13 2.5 1.9540702223656
13.5 2.5 0.97632074589265
14 2.5 0.35200452221667
14.5 2.5 0.55680109366766
15 2.5 0.51770526708465
15.5 2.5 0.34501025040407
16 2.5 0.54352810118909
16.5 2.5 0.83161219297276
17 2.5 1.0114441624071
17.5 2.5 0.99663558931971
18 2.5 0.9310704662242
18.5 2.5 1.1085597573861
19 2.5 1.2153883849529
19.5 2.5 0.67616800874208
20 2.5 0.37838463179874
20.5 2.5 0.56350507503358
21 2.5 0.75871988939456
21.5 2.5 1.0764628100583
22 2.5 1.7690120383759
22.5 2.5 2.1762705912271
23 2.5 2.1444140900078
23.5 2.5 1.9234744240205
24 2.5 1.6042554605458
24.5 2.5 1.353265286547
25 2.5 1.0176581065229
0 3 1.1231719833528
0.5 3 1.336281430964
1 3 1.4669228407819
1.5 3 1.6017621256841
2 3 1.5425337756056
2.5 3 1.2379391311031
3 3 1.0189237599916
3.5 3 0.83815107009236
4 3 0.49047068846617
4.5 3 0.31980215201871
5 3 0.38392443262641
5.5 3 0.58898616548135
6 3 0.86155381727448
6.5 3 0.92708954687816
7 3 0.6311759056017
7.5 3 0.46351294915623
8 3 0.48768290506663
8.5 3 0.43250751165529
9 3 -0.12494507869024
9.5 3 -0.95867227468158
10 3 -1.3171431187233
10.5 3 -0.47288747099881
11 3 0.19262326284594
11.5 3 -0.005542805727869
12 3 1.0873312879777
12.5 3 2.0116379751864
13 3 1.7011622789025
13.5 3 1.000591926966
14 3 0.53221651565765
14.5 3 0.46632974321943
15 3 0.48189237248438
15.5 3 0.61765837468601
16 3 0.76844740386996
16.5 3 0.73584535493173
17 3 0.99105948179911
17.5 3 1.1328304978672
18 3 0.76392520014534
18.5 3 0.42665137919381
19 3 0.17009463108599
19.5 3 -0.10844216949255
20 3 -0.26877717316157
20.5 3 -0.091168877204006
21 3 0.13672704087947
21.5 3 0.39135280997805
22 3 0.99353635332107
22.5 3 1.6675469496991
23 3 2.0204084629112
23.5 3 1.9794395882311
24 3 1.7662129629384
24.5 3 1.7022334818931
25 3 1.5685370418754
0 3.5 1.4578887416683
0.5 3.5 1.734989593785
1 3.5 1.7382711007126
1.5 3.5 1.7305831975336
2 3.5 1.693120886724
2.5 3.5 1.5633726469073
3 3.5 1.401860939827
3.5 3.5 1.1954994748965
4 3.5 0.70212892934381
4.5 3.5 0.41423597768949
5 3.5 0.2795604823492
5.5 3.5 0.46970311518435
6 3.5 0.82040235832785
6.5 3.5 0.86417730376609
7 3.5 0.68761071622761
7.5 3.5 0.76883134053937
8 3.5 0.86402690007736
8.5 3.5 0.54482604317508
9 3.5 -0.2011134609593
9.5 3.5 -0.89710776400661
10 3.5 -1.3332420547941
10.5 3.5 -0.85374262912159
11 3.5 -0.20459668365558
11.5 3.5 -0.29437400848221
12 3.5 0.65192915803004
12.5 3.5 1.8829442777764
13 3.5 1.6513681955004
13.5 3.5 0.88228427065715
14 3.5 0.59079037918346
14.5 3.5 0.42283965885718
15 3.5 0.21566469852847
15.5 3.5 0.58113909557172
16 3.5 0.90506098930622
16.5 3.5 0.82700301819049
17 3.5 0.80735660864792
17.5 3.5 0.66266989357501
18 3.5 0.31588123395496
18.5 3.5 0.02474231202704
19 3.5 -0.28646276706619
19.5 3.5 -0.51561741404011
20 3.5 -0.70101355324996
20.5 3.5 -0.59490508819901
21 3.5 -0.43365495293825
21.5 3.5 -0.31174605286482
22 3.5 0.043317281006555
22.5 3.5 0.59922927665562
23 3.5 1.0430289267029
23.5 3.5 1.3750914786325
24 3.5 1.6035194573375
24.5 3.5 1.8356400004661
25 3.5 1.8755606809981
0 4 1.5428761404274
0.5 4 1.6554023697459
1 4 1.5887566781367
1.5 4 1.5858558141129
2 4 1.655405947475
2.5 4 1.7071535158754
3 4 1.5322127149848
3.5 4 1.1991347506773
4 4 0.65666346155666
4.5 4 0.29178810706144
5 4 0.22444970147185
5.5 4 0.50454593183356
6 4 0.5962199094654
6.5 4 0.33679335947538
7 4 0.39566475564595
7.5 4 0.62508377436354
8 4 0.75010818106571
8.5 4 0.3770716234194
9 4 -0.19861376735412
9.5 4 -0.52471726170841
10 4 -0.92635459717281
10.5 4 -0.79694412180268
11 4 0.11554675577367
11.5 4 0.2979366675614
12 4 0.38720889437018
12.5 4 1.1633533066454
13 4 1.2276214370083
13.5 4 0.67210423208016
14 4 0.77135036869309
14.5 4 0.41674146759588
15 4 0.014637421914855
15.5 4 0.56096537093279
16 4 0.82488287442469
16.5 4 0.77124911942363
17 4 0.55731448658521
17.5 4 0.0031628457862146
18 4 -0.3196555107694
18.5 4 -0.45572075101292
19 4 -0.65602673258953
19.5 4 -0.66184026167446
20 4 -0.83990157598518
20.5 4 -0.87889948456075
21 4 -0.88151419385997
21.5 4 -1.0044062669542
22 4 -0.81364987298115
22.5 4 -0.47862715176302
23 4 -0.22162400574199
23.5 4 0.28426203949561
24 4 0.82169036476043
24.5 4 1.3917222350469
25 4 1.8650407622844
0 4.5 1.4730490057359
0.5 4.5 1.3520598304063
1 4.5 1.1623428476163
1.5 4.5 1.1928341675168
2 4.5 1.2140174638072
2.5 4.5 1.3105875780911
3 4.5 1.3011698787247
3.5 4.5 0.86814563141453
4 4.5 0.60449070984621
4.5 4.5 0.57633941643634
5 4.5 0.55747327831927
5.5 4.5 0.77793544194624
6 4.5 0.71009331110682
6.5 4.5 0.17128581662962
7 4.5 0.085354433157119
7.5 4.5 0.27206295471587
8 4.5 0.46747771507238
8.5 4.5 0.25596725580185
9 4.5 -0.27908099959537
9.5 4.5 -0.29437249564676
10 4.5 -0.48824650675213
10.5 4.5 -0.48640456733079
11 4.5 0.58907703464579
11.5 4.5 1.1020121817172
12 4.5 0.53248032845272
12.5 4.5 -0.087056451038513
13 4.5 0.023945659188695
13.5 4.5 0.22343707787392
14 4.5 0.54972593269526
14.5 4.5 0.10933189086445
15 4.5 -0.32648912728824
15.5 4.5 0.20806726815341
16 4.5 0.47755138104197
16.5 4.5 0.54773626047785
17 4.5 0.34863859379535
17.5 4.5 -0.33488302208185
18 4.5 -0.59484024804245
18.5 4.5 -0.6297322495047
19 4.5 -0.85769124542053
19.5 4.5 -0.90409068274209
20 4.5 -0.94762261108753
20.5 4.5 -0.94706743190869
21 4.5 -0.98680657323065
21.5 4.5 -1.2066218081258
22 4.5 -1.1651163091314
22.5 4.5 -1.021347825852
23 4.5 -0.95738611603724
23.5 4.5 -0.49398198529583
24 4.5 0.10493857740659
24.5 4.5 0.8534915875479
25 4.5 1.69415664866
0 5 1.2643140135963
0.5 5 1.1808016951376
1 5 0.83686559910479
1.5 5 0.35921188182685
2 5 0.14076392301643
2.5 5 0.3616888181445
3 5 0.64290030970826
3.5 5 0.33015896251021
4 5 0.39393897536092
4.5 5 0.53887813491377
5 5 0.37650879154322
5.5 5 0.46404320040239
6 5 0.30096547520705
6.5 5 -0.088117591556363
7 5 -0.11329920083699
7.5 5 0.12651860700716
8 5 0.17511937371839
8.5 5 -0.19233909189862
9 5 -0.51996336737431
9.5 5 -0.42755341303738
10 5 -0.51595650881907
10.5 5 -0.42007495117088
11 5 0.61958490507803
11.5 5 1.1216619915779
12 5 0.50525452906186
12.5 5 -0.57855466848021
13 5 -1.0240272311424
13.5 5 -0.42514776037864
14 5 0.20203415517257
14.5 5 -0.27324900741941
15 5 -0.82494365840876
15.5 5 -0.53318819696265
16 5 -0.046692507483495
16.5 5 0.41485792432065
17 5 0.26934092935255
17.5 5 -0.25598802786946
18 5 -0.52950803347055
18.5 5 -0.63129008008105
19 5 -0.93333150212268
19.5 5 -1.1235333692404
20 5 -1.2418229813236
20.5 5 -1.2865160259922
21 5 -1.1808203967147
21.5 5 -1.1746956253248
22 5 -1.3182073262903
22.5 5 -1.3449260562437
23 5 -1.2348953426526
23.5 5 -0.77381190176582
24 5 -0.20451006730241
24.5 5 0.47696104052214
25 5 1.3262441321591
0 5.5 0.8921962597954
0.5 5.5 0.8970723620005
1 5.5 0.40963841072728
1.5 5.5 -0.4441908708149
2 5.5 -0.9018232819568
2.5 5.5 -0.71168790777039
3 5.5 -0.20040348245576
3.5 5.5 -0.072155671232753
4 5.5 0.11851988112471
4.5 5.5 0.25534818668099
5 5.5 -0.09006091868646
5.5 5.5 -0.14990827849575
6 5.5 -0.29297470188548
6.5 5.5 -0.52482744192712
7 5.5 -0.53266757067293
7.5 5.5 -0.49226719040032
8 5.5 -0.56795689272026
8.5 5.5 -0.81597780945234
9 5.5 -1.0211848819399
9.5 5.5 -0.99154131949756
10 5.5 -0.71179291469689
10.5 5.5 -0.31284573274643
11 5.5 -0.023482948918866
11.5 5.5 0.20417645141664
12 5.5 0.46064403636443
12.5 5.5 0.047419495661689
13 5.5 -0.96982023793769
13.5 5.5 -1.2671142830215
14 5.5 -0.62278886574992
14.5 5.5 -0.62520130016634
15 5.5 -1.3136747343131
15.5 5.5 -1.2477145272064
16 5.5 -0.40211121703815
16.5 5.5 0.35451194946782
17 5.5 0.28203889199329
17.5 5.5 0.04206872352006
18 5.5 -0.2252314180836
18.5 5.5 -0.73883073219505
19 5.5 -1.1035474378484
19.5 5.5 -1.1974493636727
20 5.5 -1.3874240976733
20.5 5.5 -1.5511067515121
21 5.5 -1.4036124192549
21.5 5.5 -1.2032963953969
22 5.5 -1.3288327929765
22.5 5.5 -1.4724755864687
23 5.5 -1.3900756644013
23.5 5.5 -0.98564486337221
24 5.5 -0.3768468892989
24.5 5.5 0.32088544611074
25 5.5 0.99147605757799
0 6 0.23588371146369
0.5 6 0.0079602222263336
1 6 -0.57719843488378
1.5 6 -1.1886580889598
2 6 -1.557966785991
2.5 6 -1.4727076689494
3 6 -0.98526387016103
3.5 6 -0.57458671056476
4 6 -0.24224774716297
4.5 6 -0.099584596870328
5 6 -0.43816182409478
5.5 6 -0.52922256510503
6 6 -0.47919418326936
6.5 6 -0.51984355346141
7 6 -0.8099496394519
7.5 6 -1.3157627353671
8 6 -1.2768664289634
8.5 6 -1.2990751725982
9 6 -1.4224037672854
9.5 6 -1.2879505574856
10 6 -0.51893399134634
10.5 6 -0.11334292905177
11 6 -0.33605332433379
11.5 6 -0.34519788973692
12 6 0.38666019435657
12.5 6 0.53476164843081
13 6 -0.54466245467449
13.5 6 -1.7874480273026
14 6 -1.5869148292179
14.5 6 -1.416406740558
15 6 -2.0092035794588
15.5 6 -1.937679294333
16 6 -1.0246819066374
16.5 6 -0.18728555517955
17 6 0.0023983517408777
17.5 6 0.10840234895158
18 6 -0.033183060156221
18.5 6 -0.81563780446321
19 6 -1.1535131626955
19.5 6 -1.175780456673
20 6 -1.42164792657
20.5 6 -1.5757043236802
21 6 -1.4883841411959
21.5 6 -1.3939636491274
22 6 -1.4658611624293
22.5 6 -1.5813484399124
23 6 -1.535234962567
23.5 6 -1.2029460307345
24 6 -0.4835362595091
24.5 6 0.39468759321012
25 6 0.85409635871756
0 6.5 -0.98590069470205
0.5 6.5 -1.3104836259721
1 6.5 -1.6609188131353
1.5 6.5 -1.9829377677879
2 6.5 -2.1935209984479
2.5 6.5 -2.1286248717252
3 6.5 -1.759869777353
3.5 6.5 -1.2536148615853
4 6.5 -0.75678861930084
4.5 6.5 -0.46487705066127
5 6.5 -0.63716186671217
5.5 6.5 -0.75162860273565
6 6.5 -0.68869728410888
6.5 6.5 -0.73813895534721
7 6.5 -1.0279818312115
7.5 6.5 -1.5624098242812
8 6.5 -1.5163109885011
8.5 6.5 -1.4446999715078
9 6.5 -1.411704793916
9.5 6.5 -1.1356061333424
10 6.5 -0.60411631811527
10.5 6.5 -0.27419679603171
11 6.5 -0.39430579444102
11.5 6.5 -0.41015442376679
12 6.5 -0.0031346392167757
12.5 6.5 -0.038242193919823
13 6.5 -0.95532959938881
13.5 6.5 -1.8910369525446
14 6.5 -1.8850969510155
14.5 6.5 -2.119520661086
15 6.5 -2.7162094628476
15.5 6.5 -2.5045226362252
16 6.5 -1.5307265013214
16.5 6.5 -0.40698987538734
17 6.5 -0.0062284816570402
17.5 6.5 0.069412313741949
18 6.5 -0.22108736018844
18.5 6.5 -0.86335519362301
19 6.5 -1.1091537068854
19.5 6.5 -1.167496238832
20 6.5 -1.3129874766595
20.5 6.5 -1.4353150447988
21 6.5 -1.4057369916483
21.5 6.5 -1.4088466864255
22 6.5 -1.5165013215216
22.5 6.5 -1.6446904843326
23 6.5 -1.5278578426653
23.5 6.5 -1.3243391537327
24 6.5 -0.7840666682478
24.5 6.5 0.23235803214208
25 6.5 0.7852192741212
0 7 -2.0951612748022
0.5 7 -2.2732871128317
1 7 -2.390174957128
1.5 7 -2.5315776873101
2 7 -2.5820465890311
2.5 7 -2.5253939861847
3 7 -2.0938281324712
3.5 7 -1.5837506295399
4 7 -1.1180581929174
4.5 7 -0.76364670471457
5 7 -0.75354769655373
5.5 7 -0.90445064836622
6 7 -1.0090866607154
6.5 7 -1.1640319261995
7 7 -1.3699062335147
7.5 7 -1.4706747906674
8 7 -1.461509026751
8.5 7 -1.3663923949655
9 7 -1.2358783844034
9.5 7 -0.99668742660921
10 7 -0.69585308944359
10.5 7 -0.5824259959661
11 7 -0.49410381199864
11.5 7 -0.39145793040323
12 7 -0.22907128202277
12.5 7 -0.6026059765722
13 7 -1.4409039470652
13.5 7 -1.7091558085526
14 7 -1.4449100698772
14.5 7 -2.2237269981058
15 7 -3.0554779610089
15.5 7 -2.8930901967953
16 7 -1.9877828306947
16.5 7 -0.71772952236755
17 7 -0.09791032971004
17.5 7 -0.14852713972255
18 7 -0.26207550189703
18.5 7 -0.49300694652633
19 7 -0.78615726001328
19.5 7 -1.0512905172114
20 7 -1.1073190318698
20.5 7 -1.1492623083398
21 7 -1.0890625754642
21.5 7 -1.049079542216
22 7 -1.2655732404532
22.5 7 -1.5263169830108
23 7 -1.4236638353064
23.5 7 -1.3672280392003
24 7 -1.181072743663
24.5 7 -0.34254688500113
25 7 0.45769746955795
0 7.5 -2.5195347820865
0.5 7.5 -2.5936835841189
1 7.5 -2.6116321324075
1.5 7.5 -2.6246791594612
2 7.5 -2.4430320256195
2.5 7.5 -2.2104467237223
3 7.5 -1.7996689756409
3.5 7.5 -1.3711841953855
4 7.5 -1.1599369347153
4.5 7.5 -0.81906093958548
5 7.5 -0.72804151375218
5.5 7.5 -0.92407651780521
6 7.5 -1.1267360941239
6.5 7.5 -1.2389288367899
7 7.5 -1.3453805780084
7.5 7.5 -1.4295288281476
8 7.5 -1.3364768406766
8.5 7.5 -1.1085406462778
9 7.5 -1.0660610972331
9.5 7.5 -0.89030903663134
10 7.5 -0.55799460566336
10.5 7.5 -0.61027660585323
11 7.5 -0.50475352553897
11.5 7.5 -0.26241894123662
12 7.5 -0.1194509879683
12.5 7.5 -0.60411823255828
13 7.5 -1.244878854831
13.5 7.5 -1.27334028358
14 7.5 -1.3090477926033
14.5 7.5 -2.2114521139511
15 7.5 -2.9942702754096
15.5 7.5 -3.2056423918654
16 7.5 -2.7325488968906
16.5 7.5 -1.8881219446228
17 7.5 -1.3602858652643
17.5 7.5 -1.1745715847614
18 7.5 -0.64445281119124
18.5 7.5 -0.35500645288049
19 7.5 -0.53490859131249
19.5 7.5 -1.0352548124318
20 7.5 -1.2161223577334
20.5 7.5 -0.97709066032278
21 7.5 -0.82103100124319
21.5 7.5 -0.8012668734925
22 7.5 -0.99100851696997
22.5 7.5 -1.2919027057451
23 7.5 -1.3537854667645
23.5 7.5 -1.4074816208361
24 7.5 -1.3856121190236
24.5 7.5 -0.90480642997316
25 7.5 0.053039320241658
0 8 -2.3707394273736
0.5 8 -2.4399072738176
1 8 -2.3744673687127
1.5 8 -2.3262488345295
2 8 -2.0744255300149
2.5 8 -1.8166455759106
3 8 -1.5852602897526
3.5 8 -1.1522998938733
4 8 -1.0531420539742
4.5 8 -0.74102180825935
5 8 -0.65427199000807
5.5 8 -0.91459039460174
6 8 -1.178977575927
6.5 8 -1.3331873483704
7 8 -1.3411751094207
7.5 8 -1.3848733302447
8 8 -1.2879853436984
8.5 8 -1.0470882056534
9 8 -0.99509218118431
9.5 8 -0.87253561825714
10 8 -0.55274052012996
10.5 8 -0.50029019002955
11 8 -0.45881049237626
11.5 8 -0.17278064779795
12 8 -0.050067850926933
12.5 8 -0.58306236967535
13 8 -0.96514012707837
13.5 8 -1.04659246488
14 8 -1.518302641768
14.5 8 -2.2685455117962
15 8 -2.8630669112788
15.5 8 -3.3913590739391
16 8 -3.5614192328761
16.5 8 -3.1154195808119
17 8 -2.5911660884399
17.5 8 -1.970429171418
18 8 -1.1629109484813
18.5 8 -0.65478078415631
19 8 -0.51102130802541
19.5 8 -0.7638462934843
20 8 -1.1142130004063
20.5 8 -0.8903619664365
21 8 -0.74618592062252
21.5 8 -0.76937206147233
22 8 -0.81503467444376
22.5 8 -1.0448240659659
23 8 -1.2643456545198
23.5 8 -1.3661853646148
24 8 -1.3029732069346
24.5 8 -0.96791983493674
25 8 -0.29430618443177
0 8.5 -1.9375814007762
0.5 8.5 -2.0268638646016
1 8.5 -1.8764448052215
1.5 8.5 -1.8098527387993
2 8.5 -1.6658742320472
2.5 8.5 -1.5212024891147
3 8.5 -1.4068090610856
3.5 8.5 -1.091713897588
4 8.5 -1.0399393619251
4.5 8.5 -0.77934894484665
5 8.5 -0.61228708958527
5.5 8.5 -0.78625537126304
6 8.5 -0.92605940867342
6.5 8.5 -0.96943497078592
7 8.5 -0.86926018220461
7.5 8.5 -0.92642652021823
8 8.5 -1.1265010635555
8.5 8.5 -1.0605901913326
9 8.5 -0.95820805832487
9.5 8.5 -0.85262189246081
10 8.5 -0.60200777067274
10.5 8.5 -0.56117773467553
11 8.5 -0.57243333585568
11.5 8.5 -0.46916895092583
12 8.5 -0.48842013046192
12.5 8.5 -0.95069632807563
13 8.5 -1.2087805600309
13.5 8.5 -1.3116657660298
14 8.5 -1.623733709609
14.5 8.5 -2.0379103708472
15 8.5 -2.5760078472563
15.5 8.5 -3.3044844732346
16 8.5 -3.5620373748076
16.5 8.5 -3.1912104225064
17 8.5 -2.598024988566
17.5 8.5 -1.6842626603601
18 8.5 -1.1464536707862
18.5 8.5 -0.86792153634193
19 8.5 -0.53816093829733
19.5 8.5 -0.63354289708275
20 8.5 -1.0517397744177
20.5 8.5 -0.87046483162482
21 8.5 -0.74583492123236
21.5 8.5 -0.8631238056317
22 8.5 -0.71027284543655
22.5 8.5 -0.64917655484574
23 8.5 -0.84910184690409
23.5 8.5 -1.0530498060588
24 8.5 -1.138984414809
24.5 8.5 -0.98393019205939
25 8.5 -0.36866497776875
0 9 -1.3806083205523
0.5 9 -1.416811757592
1 9 -1.2026059900996
1.5 9 -1.1391165544995
2 9 -1.1175942229979
2.5 9 -1.0383402162127
3 9 -0.94002710484126
3.5 9 -0.84434228217824
4 9 -0.96737664826773
4.5 9 -0.85751482246449
5 9 -0.65435084858022
5.5 9 -0.56545684411033
6 9 -0.44079858836311
6.5 9 -0.35691137157545
7 9 -0.26678066889707
7.5 9 -0.38515502452432
8 9 -0.73722968770009
8.5 9 -0.86089608532517
9 9 -0.8987409554436
9.5 9 -0.88446960640605
10 9 -0.6628712563763
10.5 9 -0.59210903862491
11 9 -0.59360883042646
11.5 9 -0.72898841473993
12 9 -0.85335358476587
12.5 9 -1.0490188934552
13 9 -1.2449560483726
13.5 9 -1.318168786062
14 9 -1.0698304303606
14.5 9 -1.167222769583
15 9 -1.8936996417872
15.5 9 -2.389229565354
16 9 -2.2873118744374
16.5 9 -2.1420945734914
17 9 -2.1044514203656
17.5 9 -1.515002756057
18 9 -1.2561013847979
18.5 9 -1.3568195029214
19 9 -0.72998632568268
19.5 9 -0.62963824373152
20 9 -0.99862308894115
20.5 9 -0.81076510758184
21 9 -0.710802746407
21.5 9 -0.81629060376556
22 9 -0.56627008057347
22.5 9 -0.30928879267628
23 9 -0.38839063819466
23.5 9 -0.7075139345509
24 9 -0.96683868821136
24.5 9 -0.96371687360228
25 9 -0.5276984788216
0 9.5 -0.8253972379542
0.5 9.5 -0.75449886889358
1 9.5 -0.42970673707659
1.5 9.5 -0.23855693895774
2 9.5 -0.091702559657346
2.5 9.5 -0.032070855498142
3 9.5 -0.067565762158731
3.5 9.5 -0.3130182948295
4 9.5 -0.66667600862584
4.5 9.5 -0.7340925645119
5 9.5 -0.65564655014593
5.5 9.5 -0.44787768564749
6 9.5 -0.015336338135868
6.5 9.5 0.33009575889642
7 9.5 0.2872690177883
7.5 9.5 0.012369137607355
8 9.5 -0.27080766095646
8.5 9.5 -0.49732199005219
9 9.5 -0.64275813528861
9.5 9.5 -0.57724453818507
10 9.5 -0.44706770996919
10.5 9.5 -0.49147377207495
11 9.5 -0.61178106779982
11.5 9.5 -0.7912317490639
12 9.5 -0.79454560081833
12.5 9.5 -0.43467122628189
13 9.5 -0.58855124529934
13.5 9.5 -0.7375538797979
14 9.5 -0.19334131626578
14.5 9.5 -0.12690246352379
15 9.5 -0.87959191088882
15.5 9.5 -1.0707984416996
16 9.5 -0.73533728161714
16.5 9.5 -0.95190678574926
17 9.5 -1.9536894028213
17.5 9.5 -2.2952738293489
18 9.5 -2.1356793427135
18.5 9.5 -1.9138921264883
19 9.5 -1.3154464403064
19.5 9.5 -0.92808945246224
20 9.5 -0.76680476338869
20.5 9.5 -0.67315568560985
21 9.5 -0.75801373560355
21.5 9.5 -0.78923930891648
22 9.5 -0.48949055301762
22.5 9.5 -0.2415483572989
23 9.5 -0.22478312421642
23.5 9.5 -0.44525140759531
24 9.5 -0.43294210403837
24.5 9.5 -0.33918252022068
25 9.5 -0.24675460295351
0 10 -0.25363941121607
0.5 10 -0.031138818782457
1 10 0.42792733236062
1.5 10 0.93062365577599
2 10 1.4465371022248
2.5 10 1.573226544645
3 10 1.155870279204
3.5 10 0.54315433285575
4 10 -0.0060248214166753
4.5 10 -0.22807911359076
5 10 -0.30467030971984
5.5 10 -0.21202233763137
6 10 0.40009046497359
6.5 10 0.96405637983814
7 10 0.87014142737832
7.5 10 0.57777595240675
8 10 0.37701057627637
8.5 10 -0.1080784392902
9 10 -0.39939272389942
9.5 10 -0.085965278438573
10 10 -0.019097224521933
10.5 10 -0.31597823988303
11 10 -0.47935515963634
11.5 10 -0.68576315452523
12 10 -0.66184563129248
12.5 10 0.11400756975675
13 10 0.13302103057183
13.5 10 -0.17203011504055
14 10 0.14062402301746
14.5 10 0.43538306706598
15 10 0.21973961202451
15.5 10 0.091830832044638
16 10 0.34493668367697
16.5 10 -0.15122708604791
17 10 -1.7827689682659
17.5 10 -2.7261070386515
18 10 -2.6316617214585
18.5 10 -2.1875891095709
19 10 -1.7163203893046
19.5 10 -1.1276014417546
20 10 -0.6436651898642
20.5 10 -0.60376464105318
21 10 -0.82721787630717
21.5 10 -0.83585516144158
22 10 -0.48390887636669
22.5 10 -0.2574148869057
23 10 -0.12402708985657
23.5 10 -0.15684911924672
24 10 0.11860088345198
24.5 10 0.44126903652016
25 10 0.49990166324945
0 10.5 0.23349071627099
0.5 10.5 0.56004015356805
1 10.5 1.0515138152505
1.5 10.5 1.6202416564987
2 10.5 2.2050971230093
2.5 10.5 2.4264248770494
3 10.5 2.0206985191363
3.5 10.5 1.4792614614852
4 10.5 0.87769628522151
4.5 10.5 0.28634777066634
5 10.5 -0.14230128497575
5.5 10.5 -0.13579047102898
6 10.5 0.42015392361362
6.5 10.5 0.98019486936814
7 10.5 1.0732889681152
7.5 10.5 0.95602742292076
8 10.5 0.7347987005042
8.5 10.5 -0.0081563308179072
9 10.5 -0.43868490799661
9.5 10.5 0.18353530430101
10 10.5 0.34202631579521
10.5 10.5 -0.089596850051796
11 10.5 -0.13154640470693
11.5 10.5 -0.21367585156491
12 10.5 -0.13810368695656
12.5 10.5 0.46837848364467
13 10.5 0.59973887891348
13.5 10.5 0.31539687492136
14 10.5 0.27221914354596
14.5 10.5 0.46182764119986
15 10.5 0.46309738380747
15.5 10.5 0.49117526972097
16 10.5 0.88683598324051
16.5 10.5 0.45218004016196
17 10.5 -1.2931200128653
17.5 10.5 -2.456502422034
18 10.5 -2.554141836217
18.5 10.5 -2.0278093686835
19 10.5 -1.4323108889968
19.5 10.5 -1.0227349806017
20 10.5 -0.8640401000747
20.5 10.5 -1.0315312605176
21 10.5 -1.1251090650581
21.5 10.5 -1.0260913315163
22 10.5 -0.64908432425672
22.5 10.5 -0.29452271851675
23 10.5 -0.018689826868734
23.5 10.5 0.0063201139331073
24 10.5 0.18754156163233
24.5 10.5 0.46125075991613
25 10.5 0.8421950270707
0 11 0.67800007498407
0.5 11 1.036593630996
1 11 1.3897311661314
1.5 11 1.7337213222578
2 11 2.147689308159
2.5 11 2.4498603479068
3 11 2.1581385278012
3.5 11 1.7174342213189
4 11 1.1963772065281
4.5 11 0.37997238480609
5 11 -0.16351208358801
5.5 11 -0.26918496718762
6 11 -0.013522316234765
6.5 11 0.560262861875
7 11 1.0805809008601
7.5 11 1.1805613829442
8 11 0.96670492988333
8.5 11 0.3963883298248
9 11 0.21679558914039
9.5 11 0.63727926984235
10 11 0.73317711953561
10.5 11 0.52230245886287
11 11 0.32273548311296
11.5 11 0.34778363852531
12 11 0.60656198691774
12.5 11 0.63604687249446
13 11 0.52734711328811
13.5 11 0.45692576778265
14 11 0.32838166200119
14.5 11 0.12953730484446
15 11 0.21912429696106
15.5 11 0.5951626610803
16 11 1.0250514652941
16.5 11 0.70197427245639
17 11 -1.0521416949687
17.5 11 -2.0600509894805
18 11 -2.186346763116
18.5 11 -1.3852445599804
19 11 -0.60416530075033
19.5 11 -0.7123096612898
20 11 -1.4097368584845
20.5 11 -1.8587677395759
21 11 -1.5573836834359
21.5 11 -1.1321519451229
22 11 -0.70569230305575
22.5 11 -0.073189061260415
23 11 0.15496462473775
23.5 11 -0.06319069868832
24 11 0.12133976949012
24.5 11 0.20633437346814
25 11 0.52320215551193
0 11.5 1.0673721389986
0.5 11.5 1.4227023804059
1 11.5 1.6063673129137
1.5 11.5 1.7043679846066
2 11.5 1.9435037202152
2.5 11.5 2.3040183637617
3 11.5 2.0303274322333
3.5 11.5 1.4364709744373
4 11.5 0.87587962798075
4.5 11.5 0.18837887630106
5 11.5 -0.2840601977696
5.5 11.5 -0.60968336300891
6 11.5 -0.56414181962644
6.5 11.5 -0.093609949922879
7 11.5 0.54234107785757
7.5 11.5 0.84438616318135
8 11.5 0.94639417436005
8.5 11.5 0.91297215751873
9 11.5 1.0272013170321
9.5 11.5 0.8257254147698
10 11.5 0.62147325177885
10.5 11.5 0.73783245564455
11 11.5 0.56134306510487
11.5 11.5 0.35616409236217
12 11.5 0.43961064746063
12.5 11.5 0.45008405671393
13 11.5 0.28561602209564
13.5 11.5 0.34364709116491
14 11.5 0.38143661775629
14.5 11.5 0.090352957143079
15 11.5 0.037626386423533
15.5 11.5 0.5087549245493
16 11.5 0.71896212746819
16.5 11.5 0.021462838984938
17 11.5 -1.2594323173156
17.5 11.5 -1.8153169440319
18 11.5 -2.0267178714543
18.5 11.5 -1.5486809065341
19 11.5 -0.71026208082786
19.5 11.5 -0.48222120657822
20 11.5 -1.5471527229277
20.5 11.5 -2.2522065273922
21 11.5 -1.7045517066791
21.5 11.5 -0.88765371729914
22 11.5 -0.27418657868994
22.5 11.5 0.41149159302418
23 11.5 0.5710021768708
23.5 11.5 0.36796497054808
24 11.5 0.79242390643535
24.5 11.5 0.45719484994533
25 11.5 0.24093724968868
0 12 1.1132705576543
0.5 12 1.3991946399916
1 12 1.5310626486356
1.5 12 1.5253028934165
2 12 1.6064066129376
2.5 12 1.7801484571578
3 12 1.5803704170803
3.5 12 1.0218567527478
4 12 0.45042198964274
4.5 12 -0.020873165809586
5 12 -0.41338499983676
5.5 12 -0.86002484435797
6 12 -0.94430034944094
6.5 12 -0.69677885210754
7 12 -0.32738159323821
7.5 12 0.039246900388794
8 12 0.43796761857521
8.5 12 0.67952255937975
9 12 0.9265863550411
9.5 12 0.80308414708813
10 12 0.63249282080322
10.5 12 0.81403058399108
11 12 0.74182205155851
11.5 12 0.46363538864675
12 12 0.21215231198911
12.5 12 0.017056363775239
13 12 -0.18171007784041
13.5 12 -0.052662620245022
14 12 0.12673187372155
14.5 12 0.1252687721838
15 12 -0.013161491518117
15.5 12 0.1175411738299
16 12 0.042622282709685
16.5 12 -0.68891332944929
17 12 -1.2626815901166
17.5 12 -1.2952190012111
18 12 -1.6415761787165
18.5 12 -1.7402249841493
19 12 -1.0471416043784
19.5 12 -0.17304567922037
20 12 -0.89536458639932
20.5 12 -1.7151921022219
21 12 -1.2883951639355
21.5 12 -0.38330126565662
22 12 0.3383808888007
22.5 12 0.85842092974228
23 12 1.0026960894502
23.5 12 1.1694652374513
24 12 1.5127705484655
24.5 12 1.0934716880714
25 12 0.7438803091711
0 12.5 1.0425446603995
0.5 12.5 1.1060152954018
1 12.5 1.1465639567457
1.5 12.5 1.0902665627958
2 12.5 1.0200863772241
2.5 12.5 0.98381591445138
3 12.5 0.84701937920241
3.5 12.5 0.52301980027143
4 12.5 0.10436602367108
4.5 12.5 -0.2902476979598
5 12.5 -0.62425879260559
5.5 12.5 -1.0348847792178
6 12.5 -1.1517490742305
6.5 12.5 -0.9989904991759
7 12.5 -0.72194439820125
7.5 12.5 -0.24027955401596
8 12.5 0.13565729737809
8.5 12.5 0.25627488353373
9 12.5 0.43430383085963
9.5 12.5 0.53350198442086
10 12.5 0.702296373631
10.5 12.5 0.79001288282617
11 12.5 0.54645861846649
11.5 12.5 0.26829544482425
12 12.5 0.02393210838378
12.5 12.5 -0.38457862913802
13 12.5 -0.82391768882278
13.5 12.5 -0.63891038312805
14 12.5 0.020514239459895
14.5 12.5 0.34265655074483
15 12.5 0.27270926684026
15.5 12.5 0.043196912848919
16 12.5 -0.23377030092696
16.5 12.5 -0.53169417220247
17 12.5 -0.61781738477724
17.5 12.5 -0.7088981018072
18 12.5 -1.3343249089919
18.5 12.5 -1.6461615319325
19 12.5 -0.9414763232324
19.5 12.5 0.0048172422335592
20 12.5 -0.12204172412654
20.5 12.5 -0.99707647396128
21 12.5 -0.74097328398197
21.5 12.5 0.43429914844601
22 12.5 1.1570716647933
22.5 12.5 1.3263284971625
23 12.5 1.3415779826813
23.5 12.5 1.4240411417143
24 12.5 1.552706528078
24.5 12.5 1.5679591960981
25 12.5 1.6287573201112
0 13 0.95148835935796
0.5 13 0.82723359522677
1 13 0.71487456746952
1.5 13 0.63086324468348
2 13 0.45437264411127
2.5 13 0.31097638119062
3 13 0.1831504555597
3.5 13 0.025264216878494
4 13 -0.20673354920111
4.5 13 -0.53934330905956
5 13 -0.92561201047961
5.5 13 -1.2303986576449
6 13 -1.2512331186774
6.5 13 -1.0995467822816
7 13 -0.85211389618178
7.5 13 -0.34611844167779
8 13 -0.0094500681235269
8.5 13 0.26671607029887
9 13 0.48077866199559
9.5 13 0.48414965700204
10 13 0.61954406723604
10.5 13 0.60511085313939
11 13 0.28712448970802
11.5 13 0.0057772332345827
12 13 -0.19791154717941
12.5 13 -0.46235312319239
13 13 -0.89923065839181
13.5 13 -1.0076793804933
14 13 -0.58469156327128
14.5 13 -0.08351965399788
15 13 0.31045369507918
15.5 13 -0.038610811168916
16 13 -0.42256891101925
16.5 13 -0.42964554120743
17 13 -0.41017641707069
17.5 13 -0.81104455362882
18 13 -1.4713924571652
18.5 13 -1.3930674201235
19 13 -0.58756220036672
19.5 13 0.06420812916346
20 13 0.10731863569175
20.5 13 -0.49831501914814
21 13 0.18269927118482
21.5 13 1.5185315621832
22 13 1.7545297885914
22.5 13 1.580562247971
23 13 1.5262427969239
23.5 13 1.5962207161397
24 13 1.5825957431235
24.5 13 1.6407080168751
25 13 1.715392320515
0 13.5 0.67895057295131
0.5 13.5 0.51594193417091
1 13.5 0.29657852609652
1.5 13.5 0.13917017802653
2 13.5 -0.048287537705492
2.5 13.5 -0.21478208846397
3 13.5 -0.34139377887295
3.5 13.5 -0.37439476216667
4 13.5 -0.53793803681368
4.5 13.5 -0.81373079607309
5 13.5 -1.0797548624297
5.5 13.5 -1.3171679214599
6 13.5 -1.3228009535111
6.5 13.5 -1.2049964390035
7 13.5 -0.91639806933235
7.5 13.5 -0.37099474199603
8 13.5 0.20134942350502
8.5 13.5 0.58253713476106
9 13.5 0.81962899883149
9.5 13.5 0.77484928126582
10 13.5 0.72784244770321
10.5 13.5 0.60185493865461
11 13.5 0.3430612120188
11.5 13.5 0.16944915039192
12 13.5 -0.1790655592233
12.5 13.5 -0.39148301776042
13 13.5 -0.56573226464997
13.5 13.5 -0.6737710214364
14 13.5 -0.66327145758864
14.5 13.5 -0.28245595911279
15 13.5 0.30759559246442
15.5 13.5 -0.2029635833692
16 13.5 -0.66089823978635
16.5 13.5 -0.63240309495456
17 13.5 -0.63930069260742
17.5 13.5 -0.93512110647108
18 13.5 -1.1788131257631
18.5 13.5 -0.79415079929968
19 13.5 0.036978980971206
19.5 13.5 0.47246678597687
20 13.5 0.34682761111842
20.5 13.5 0.41144451648758
21 13.5 1.6166944589927
21.5 13.5 2.204346718615
22 13.5 1.7695254604311
22.5 13.5 1.5051068257318
23 13.5 1.3500464425334
23.5 13.5 1.5021542605758
24 13.5 1.418492265778
24.5 13.5 1.2904420163464
25 13.5 1.397372404243
0 14 0.34848012036845
0.5 14 0.14415517267039
1 14 -0.11829019667455
1.5 14 -0.33765323771184
2 14 -0.47251250177916
2.5 14 -0.63820587387173
3 14 -0.87321234244432
3.5 14 -0.94604996683731
4 14 -1.0394326778915
4.5 14 -1.1883783544201
5 14 -1.2029218937407
5.5 14 -1.3022768094661
6 14 -1.2344928390939
6.5 14 -1.0389450515994
7 14 -0.75751224586972
7.5 14 -0.076441463378956
8 14 0.81414441244993
8.5 14 1.2765629132063
9 14 1.3216975264293
9.5 14 1.1123952705995
10 14 1.0523342405792
10.5 14 0.8264432652343
11 14 0.35836206419519
11.5 14 0.062039123632196
12 14 -0.27270119575889
12.5 14 -0.49003534642797
13 14 -0.53983475697865
13.5 14 -0.51342468746733
14 14 -0.48527753507316
14.5 14 -0.051977028406942
15 14 0.27675238847671
15.5 14 -0.20954696786473
16 14 -0.44013233822529
16.5 14 -0.31083199748963
17 14 -0.0087671308650786
17.5 14 0.042334122681719
18 14 -0.13043290846634
18.5 14 -0.2082861885558
19 14 0.20790128624101
19.5 14 0.61888737098644
20 14 0.68551702116666
20.5 14 0.99335756568402
21 14 1.7614080063472
21.5 14 1.669620983826
22 14 1.4109728325612
22.5 14 1.4002768401154
23 14 1.3147820495505
23.5 14 1.0456300019636
24 14 0.60651526162941
24.5 14 0.73097407670351
25 14 1.1271626405464
0 14.5 0.088039521836972
0.5 14.5 -0.16538872679297
1 14.5 -0.45046908082855
1.5 14.5 -0.71293207648193
2 14.5 -0.83887588817018
2.5 14.5 -0.9323063239185
3 14.5 -1.2198441836499
3.5 14.5 -1.3400818013257
4 14.5 -1.3751445543553
4.5 14.5 -1.4961280841394
5 14.5 -1.4610112023002
5.5 14.5 -1.2936038029559
6 14.5 -0.86901765715046
6.5 14.5 -0.62874394321383
7 14.5 -0.46208117368399
7.5 14.5 0.20398840810273
8 14.5 0.98425830573586
8.5 14.5 1.340406271611
9 14.5 1.3849331987866
9.5 14.5 1.3044305581419
10 14.5 1.3301114746876
10.5 14.5 0.99307735481232
11 14.5 0.30704640396743
11.5 14.5 -0.15832685707839
12 14.5 -0.35892703438299
12.5 14.5 -0.60983835236525
13 14.5 -0.69648224488489
13.5 14.5 -0.60367189044462
14 14.5 -0.56757037287525
14.5 14.5 -0.31960130656567
15 14.5 -0.0406903674144
15.5 14.5 -0.096075771823001
16 14.5 -0.2830646262245
16.5 14.5 -0.23016922071551
17 14.5 0.46186807280074
17.5 14.5 0.68838203695468
18 14.5 0.30462646441732
18.5 14.5 -0.25992286419169
19 14.5 -0.27667721806097
19.5 14.5 0.18082070121647
20 14.5 0.53294531621939
20.5 14.5 0.77364231592779
21 14.5 0.87154657088111
21.5 14.5 0.73767899170641
22 14.5 0.88680311326609
22.5 14.5 1.0808300404746
23 14.5 1.1452623216577
23.5 14.5 0.75567640070379
24 14.5 0.19224258911721
24.5 14.5 0.49947155258788
25 14.5 0.918228527188
0 15 -0.088264828743486
0.5 15 -0.38181373664995
1 15 -0.72780106779841
1.5 15 -1.0709496023868
2 15 -1.1921275974021
2.5 15 -1.2188968433584
3 15 -1.4220738998218
3.5 15 -1.5085905547918
4 15 -1.53273131777
4.5 15 -1.6375567421013
5 15 -1.6223041713179
5.5 15 -1.3027023154086
6 15 -0.57939309514104
6.5 15 -0.11606213527629
7 15 0.23490086282864
7.5 15 0.77575226704589
8 15 1.121114720897
8.5 15 1.391584637236
9 15 1.5256186133268
9.5 15 1.5643198737849
10 15 1.6318530018822
10.5 15 1.2303884756748
11 15 0.56229707134085
11.5 15 -0.043131968568016
12 15 -0.54108936040561
12.5 15 -0.9269040073579
13 15 -0.70413374324538
13.5 15 -0.42329353717882
14 15 -0.53967972695042
14.5 15 -0.54341675234845
15 15 -0.21597731787111
15.5 15 0.0020178116704438
16 15 -0.43573910389326
16.5 15 -0.56680766073579
17 15 -0.16639362945361
17.5 15 -0.19828865654276
18 15 -0.37940495920726
18.5 15 -0.47903097734009
19 15 -0.17967033712444
19.5 15 0.35168826585112
20 15 0.67753426891288
20.5 15 0.97367240993106
21 15 0.76310854332875
21.5 15 0.25540384866444
22 15 0.49583545232808
22.5 15 0.76304738015464
23 15 0.83539545316316
23.5 15 0.73093578340162
24 15 0.47500298493837
24.5 15 0.53553940693707
25 15 0.7819793414431
